   5   5   5
  18
   0.000000000000000E+00   0.000000000000000E+00   0.000000000000000E+00
   0.000000000000000E+00   0.000000000000000E+00   0.161223882738646E+00
   0.000000000000000E+00   0.000000000000000E+00   0.322447765477291E+00
   0.000000000000000E+00   0.199096103689251E+00   0.000000000000000E+00
   0.000000000000000E+00   0.199096103689251E+00   0.161223882738646E+00
   0.000000000000000E+00   0.199096103689251E+00   0.322447765477291E+00
   0.000000000000000E+00   0.398192207378502E+00   0.000000000000000E+00
   0.000000000000000E+00   0.398192207378502E+00   0.161223882738646E+00
   0.000000000000000E+00   0.398192207378502E+00   0.322447765477291E+00
   0.199096103689251E+00   0.199096103689251E+00   0.000000000000000E+00
   0.199096103689251E+00   0.199096103689251E+00   0.161223882738646E+00
   0.199096103689251E+00   0.199096103689251E+00   0.322447765477291E+00
   0.199096103689251E+00   0.398192207378502E+00   0.000000000000000E+00
   0.199096103689251E+00   0.398192207378502E+00   0.161223882738646E+00
   0.199096103689251E+00   0.398192207378502E+00   0.322447765477291E+00
   0.398192207378502E+00   0.398192207378502E+00   0.000000000000000E+00
   0.398192207378502E+00   0.398192207378502E+00   0.161223882738646E+00
   0.398192207378502E+00   0.398192207378502E+00   0.322447765477291E+00
