Dynamical matrix file
default                                                                    
  3    5   0   7.2021431   0.0000000   0.0000000   0.0000000   0.0000000   0.0000000
Basis vectors
      1.004540000    0.000000000    0.000000000
      0.000000000    1.004540000    0.000000000
      0.000000000    0.000000000    1.240511000
           1  'Ti  '    43628.101584882053     
           2  'Sn  '    108197.54609942860     
           3  'O   '    14582.196445495396     
    1    2      0.0000000000      0.0000000000      1.1669813705
    2    1      0.5022700000      0.5022700000      0.6398993465
    3    3      0.5022700000      0.5022700000      0.1874332159
    4    3      0.5022700000      0.0000000000      0.7928383811
    5    3      0.0000000000      0.5022700000      0.7928383811

     Dynamical  Matrix in cartesian axes

     q = (    0.000000000   0.000000000   0.000000000 ) 

    1    1
  0.03626060   0.00000000     0.00000000   0.00000000     0.00000000   0.00000000
  0.00000000   0.00000000     0.03626060   0.00000000     0.00000000   0.00000000
  0.00000000   0.00000000     0.00000000   0.00000000     0.17251627   0.00000000
    1    2
 -0.02823570   0.00000000     0.00000000   0.00000000     0.00000000   0.00000000
  0.00000000   0.00000000    -0.02823570   0.00000000     0.00000000   0.00000000
  0.00000000   0.00000000     0.00000000   0.00000000    -0.15367251   0.00000000
    1    3
  0.01595319   0.00000000     0.00000000   0.00000000     0.00000000   0.00000000
  0.00000000   0.00000000     0.01595319   0.00000000     0.00000000   0.00000000
  0.00000000   0.00000000     0.00000000   0.00000000     0.06637062   0.00000000
    1    4
  0.00181338   0.00000000     0.00000000   0.00000000     0.00000000   0.00000000
  0.00000000   0.00000000    -0.02559657   0.00000000     0.00000000   0.00000000
  0.00000000   0.00000000     0.00000000   0.00000000    -0.04295090   0.00000000
    1    5
 -0.02559657   0.00000000     0.00000000   0.00000000     0.00000000   0.00000000
  0.00000000   0.00000000     0.00181338   0.00000000     0.00000000   0.00000000
  0.00000000   0.00000000     0.00000000   0.00000000    -0.04295090   0.00000000
    2    1
 -0.02823570   0.00000000     0.00000000   0.00000000     0.00000000   0.00000000
  0.00000000   0.00000000    -0.02823570   0.00000000     0.00000000   0.00000000
  0.00000000   0.00000000     0.00000000   0.00000000    -0.15367251   0.00000000
    2    2
  0.17600896   0.00000000     0.00000000   0.00000000     0.00000000   0.00000000
  0.00000000   0.00000000     0.17600896   0.00000000     0.00000000   0.00000000
  0.00000000   0.00000000     0.00000000   0.00000000     0.74663387   0.00000000
    2    3
 -0.03945452   0.00000000     0.00000000   0.00000000     0.00000000   0.00000000
  0.00000000   0.00000000    -0.03945452   0.00000000     0.00000000   0.00000000
  0.00000000   0.00000000     0.00000000   0.00000000    -0.50163213   0.00000000
    2    4
 -0.00008174   0.00000000     0.00000000   0.00000000     0.00000000   0.00000000
  0.00000000   0.00000000    -0.10735312   0.00000000     0.00000000   0.00000000
  0.00000000   0.00000000     0.00000000   0.00000000    -0.04564048   0.00000000
    2    5
 -0.10735312   0.00000000     0.00000000   0.00000000     0.00000000   0.00000000
  0.00000000   0.00000000    -0.00008174   0.00000000     0.00000000   0.00000000
  0.00000000   0.00000000     0.00000000   0.00000000    -0.04564048   0.00000000
    3    1
  0.01595319   0.00000000     0.00000000   0.00000000     0.00000000   0.00000000
  0.00000000   0.00000000     0.01595319   0.00000000     0.00000000   0.00000000
  0.00000000   0.00000000     0.00000000   0.00000000     0.06637062   0.00000000
    3    2
 -0.03945452   0.00000000     0.00000000   0.00000000     0.00000000   0.00000000
  0.00000000   0.00000000    -0.03945452   0.00000000     0.00000000   0.00000000
  0.00000000   0.00000000     0.00000000   0.00000000    -0.50163213   0.00000000
    3    3
  0.04829380   0.00000000     0.00000000   0.00000000     0.00000000   0.00000000
  0.00000000   0.00000000     0.04829380   0.00000000     0.00000000   0.00000000
  0.00000000   0.00000000     0.00000000   0.00000000     0.55788492   0.00000000
    3    4
 -0.01350812   0.00000000     0.00000000   0.00000000     0.00000000   0.00000000
  0.00000000   0.00000000    -0.01007684   0.00000000     0.00000000   0.00000000
  0.00000000   0.00000000     0.00000000   0.00000000    -0.06107019   0.00000000
    3    5
 -0.01007684   0.00000000     0.00000000   0.00000000     0.00000000   0.00000000
  0.00000000   0.00000000    -0.01350812   0.00000000     0.00000000   0.00000000
  0.00000000   0.00000000     0.00000000   0.00000000    -0.06107019   0.00000000
    4    1
  0.00181338   0.00000000     0.00000000   0.00000000     0.00000000   0.00000000
  0.00000000   0.00000000    -0.02559657   0.00000000     0.00000000   0.00000000
  0.00000000   0.00000000     0.00000000   0.00000000    -0.04295090   0.00000000
    4    2
 -0.00008174   0.00000000     0.00000000   0.00000000     0.00000000   0.00000000
  0.00000000   0.00000000    -0.10735312   0.00000000     0.00000000   0.00000000
  0.00000000   0.00000000     0.00000000   0.00000000    -0.04564048   0.00000000
    4    3
 -0.01350812   0.00000000     0.00000000   0.00000000     0.00000000   0.00000000
  0.00000000   0.00000000    -0.01007684   0.00000000     0.00000000   0.00000000
  0.00000000   0.00000000     0.00000000   0.00000000    -0.06107019   0.00000000
    4    4
  0.11718992   0.00000000     0.00000000   0.00000000     0.00000000   0.00000000
  0.00000000   0.00000000     0.24742384   0.00000000     0.00000000   0.00000000
  0.00000000   0.00000000     0.00000000   0.00000000     0.12411272   0.00000000
    4    5
 -0.10423712   0.00000000     0.00000000   0.00000000     0.00000000   0.00000000
  0.00000000   0.00000000    -0.10423712   0.00000000     0.00000000   0.00000000
  0.00000000   0.00000000     0.00000000   0.00000000     0.02564223   0.00000000
    5    1
 -0.02559657   0.00000000     0.00000000   0.00000000     0.00000000   0.00000000
  0.00000000   0.00000000     0.00181338   0.00000000     0.00000000   0.00000000
  0.00000000   0.00000000     0.00000000   0.00000000    -0.04295090   0.00000000
    5    2
 -0.10735312   0.00000000     0.00000000   0.00000000     0.00000000   0.00000000
  0.00000000   0.00000000    -0.00008174   0.00000000     0.00000000   0.00000000
  0.00000000   0.00000000     0.00000000   0.00000000    -0.04564048   0.00000000
    5    3
 -0.01007684   0.00000000     0.00000000   0.00000000     0.00000000   0.00000000
  0.00000000   0.00000000    -0.01350812   0.00000000     0.00000000   0.00000000
  0.00000000   0.00000000     0.00000000   0.00000000    -0.06107019   0.00000000
    5    4
 -0.10423712   0.00000000     0.00000000   0.00000000     0.00000000   0.00000000
  0.00000000   0.00000000    -0.10423712   0.00000000     0.00000000   0.00000000
  0.00000000   0.00000000     0.00000000   0.00000000     0.02564223   0.00000000
    5    5
  0.24742384   0.00000000     0.00000000   0.00000000     0.00000000   0.00000000
  0.00000000   0.00000000     0.11718992   0.00000000     0.00000000   0.00000000
  0.00000000   0.00000000     0.00000000   0.00000000     0.12411272   0.00000000

     Dielectric Tensor:

          6.464677629423          0.000000000000          0.000000000000
          0.000000000000          6.464677629423          0.000000000000
          0.000000000000          0.000000000000          6.382978608250

     Effective Charges E-U: Z_{alpha}{s,beta}

     atom #    1
          3.695020162528          0.000000000000         -0.000000000000
          0.000000000000          3.695020162528         -0.000000000000
         -0.000000000000          0.000000000000          3.112494546604
     atom #    2
          4.985269161087          0.000000000000          0.000000000000
          0.000000000000          4.985269161087          0.000000000000
          0.000000000000          0.000000000000          4.844294630500
     atom #    3
         -1.721437593093         -0.000000000000          0.000000000000
          0.000000000000         -1.721437593092         -0.000000000000
          0.000000000000          0.000000000000         -4.089872940455
     atom #    4
         -2.794361592807         -0.000000000000          0.000000000000
          0.000000000000         -4.175849326226          0.000000000000
          0.000000000000         -0.000000000000         -1.937229631108
     atom #    5
         -4.175849326226          0.000000000000         -0.000000000000
         -0.000000000000         -2.794361592807          0.000000000000
         -0.000000000000          0.000000000000         -1.937229631108

     Effective Charges U-E: Z_{s,alpha}{beta}

     atom #    1
      0.369514305041E+01      0.000000000000E+00      0.000000000000E+00
      0.000000000000E+00      0.369514305041E+01      0.000000000000E+00
      0.000000000000E+00      0.000000000000E+00      0.311230667151E+01
     atom #    2
      0.498466645714E+01      0.000000000000E+00      0.696037127130E-18
      0.000000000000E+00      0.498466645714E+01      0.000000000000E+00
      0.000000000000E+00      0.348018563565E-18      0.484423207409E+01
     atom #    3
     -0.172094096131E+01     -0.137526304595E-16      0.696037127130E-18
     -0.137526304595E-16     -0.172094096131E+01      0.696037127130E-18
      0.000000000000E+00      0.139207425426E-17     -0.409299259266E+01
     atom #    4
     -0.279383665821E+01      0.687631522976E-17     -0.111365940341E-16
      0.137526304595E-16     -0.417539273672E+01      0.000000000000E+00
      0.278414850852E-17     -0.696037127130E-18     -0.193790277992E+01
     atom #    5
     -0.417539273672E+01      0.137526304595E-16      0.000000000000E+00
      0.687631522976E-17     -0.279383665821E+01     -0.111365940341E-16
     -0.696037127130E-18      0.000000000000E+00     -0.193790277992E+01

     Diagonalizing the dynamical matrix

     q = (    0.000000000   0.000000000   0.000000000 ) 

 **************************************************************************
     freq (    1) =       0.038465 [THz] =       1.283062 [cm-1]
 ( -0.000000  0.000000  0.000000  0.000000 -0.448982  0.000000 ) 
 ( -0.000000  0.000000  0.000000  0.000000 -0.446887  0.000000 ) 
 ( -0.000000  0.000000  0.000000  0.000000 -0.446269  0.000000 ) 
 ( -0.000000  0.000000  0.000000  0.000000 -0.446963  0.000000 ) 
 ( -0.000000  0.000000  0.000000  0.000000 -0.446963  0.000000 ) 
     freq (    2) =       0.436277 [THz] =      14.552644 [cm-1]
 ( -0.373760  0.000000 -0.298653  0.000000 -0.000000  0.000000 ) 
 ( -0.348455  0.000000 -0.278433  0.000000 -0.000000  0.000000 ) 
 ( -0.331677  0.000000 -0.265027  0.000000 -0.000000  0.000000 ) 
 ( -0.343288  0.000000 -0.278348  0.000000 -0.000000  0.000000 ) 
 ( -0.348348  0.000000 -0.274305  0.000000 -0.000000  0.000000 ) 
     freq (    3) =       0.436277 [THz] =      14.552644 [cm-1]
 ( -0.298653  0.000000  0.373760  0.000000  0.000000  0.000000 ) 
 ( -0.278433  0.000000  0.348455  0.000000  0.000000  0.000000 ) 
 ( -0.265027  0.000000  0.331677  0.000000  0.000000  0.000000 ) 
 ( -0.274305  0.000000  0.348348  0.000000  0.000000  0.000000 ) 
 ( -0.278348  0.000000  0.343288  0.000000  0.000000  0.000000 ) 
     freq (    4) =       2.418185 [THz] =      80.661983 [cm-1]
 (  0.005745  0.000000  0.312613 -0.000000 -0.000000  0.000000 ) 
 ( -0.006627  0.000000 -0.360624  0.000000 -0.000000  0.000000 ) 
 ( -0.012824  0.000000 -0.697823  0.000000 -0.000000  0.000000 ) 
 ( -0.007600  0.000000 -0.337515  0.000000 -0.000000  0.000000 ) 
 ( -0.006203  0.000000 -0.413537  0.000000 -0.000000  0.000000 ) 
     freq (    5) =       2.418185 [THz] =      80.661983 [cm-1]
 (  0.312613  0.000000 -0.005745  0.000000  0.000000  0.000000 ) 
 ( -0.360624  0.000000  0.006627  0.000000  0.000000  0.000000 ) 
 ( -0.697823  0.000000  0.012824  0.000000  0.000000  0.000000 ) 
 ( -0.413537  0.000000  0.006203  0.000000  0.000000  0.000000 ) 
 ( -0.337515  0.000000  0.007600  0.000000  0.000000  0.000000 ) 
     freq (    6) =       5.907486 [THz] =     197.052519 [cm-1]
 (  0.000000  0.000000  0.000000  0.000000  0.366995  0.000000 ) 
 (  0.000000  0.000000 -0.000000  0.000000 -0.452965  0.000000 ) 
 (  0.000000  0.000000 -0.000000  0.000000 -0.587363  0.000000 ) 
 ( -0.000000  0.000000  0.000000  0.000000 -0.396953  0.000000 ) 
 ( -0.000000  0.000000  0.000000  0.000000 -0.396953  0.000000 ) 
     freq (    7) =       7.101058 [THz] =     236.865795 [cm-1]
 ( -0.046921  0.000000  0.031263  0.000000  0.000000  0.000000 ) 
 (  0.180043  0.000000 -0.119963  0.000000 -0.000000  0.000000 ) 
 ( -0.720006  0.000000  0.479742  0.000000 -0.000000  0.000000 ) 
 (  0.293500  0.000000 -0.153932  0.000000 -0.000000  0.000000 ) 
 (  0.231024  0.000000 -0.195560  0.000000 -0.000000  0.000000 ) 
     freq (    8) =       7.101058 [THz] =     236.865795 [cm-1]
 (  0.031263  0.000000  0.046921  0.000000 -0.000000  0.000000 ) 
 ( -0.119963  0.000000 -0.180043  0.000000  0.000000  0.000000 ) 
 (  0.479742  0.000000  0.720006  0.000000  0.000000  0.000000 ) 
 ( -0.195560  0.000000 -0.231024  0.000000 -0.000000  0.000000 ) 
 ( -0.153932  0.000000 -0.293500  0.000000  0.000000  0.000000 ) 
     freq (    9) =       7.876442 [THz] =     262.729816 [cm-1]
 (  0.002147 -0.000000 -0.014836  0.000000  0.000000 -0.000000 ) 
 ( -0.062934  0.000000  0.434906 -0.000000 -0.000000  0.000000 ) 
 (  0.013789 -0.000000 -0.095290  0.000000 -0.000000  0.000000 ) 
 (  0.122206 -0.000000 -0.260502  0.000000 -0.000000  0.000000 ) 
 (  0.037697 -0.000000 -0.844503  0.000000 -0.000000  0.000000 ) 
     freq (   10) =       7.876442 [THz] =     262.729816 [cm-1]
 ( -0.014836  0.000000 -0.002147  0.000000  0.000000  0.000000 ) 
 (  0.434906  0.000000  0.062934  0.000000  0.000000  0.000000 ) 
 ( -0.095290  0.000000 -0.013789  0.000000  0.000000  0.000000 ) 
 ( -0.844503  0.000000 -0.037697  0.000000 -0.000000  0.000000 ) 
 ( -0.260502  0.000000 -0.122206  0.000000  0.000000  0.000000 ) 
     freq (   11) =       8.549026 [THz] =     285.164807 [cm-1]
 ( -0.000000  0.000000 -0.000000  0.000000 -0.000000  0.000000 ) 
 ( -0.000000  0.000000 -0.000000  0.000000  0.000000  0.000000 ) 
 ( -0.000000  0.000000 -0.000000  0.000000  0.000000  0.000000 ) 
 (  0.000000  0.000000  0.000000  0.000000 -0.707107  0.000000 ) 
 (  0.000000  0.000000  0.000000  0.000000  0.707107  0.000000 ) 
     freq (   12) =      11.996371 [THz] =     400.155870 [cm-1]
 (  0.000000  0.000000  0.000000  0.000000 -0.016845  0.000000 ) 
 (  0.000000  0.000000  0.000000  0.000000 -0.320275  0.000000 ) 
 ( -0.000000  0.000000  0.000000  0.000000 -0.219705  0.000000 ) 
 (  0.000000  0.000000 -0.000000  0.000000  0.651487  0.000000 ) 
 ( -0.000000  0.000000 -0.000000  0.000000  0.651487  0.000000 ) 
     freq (   13) =      15.337982 [THz] =     511.620015 [cm-1]
 (  0.004524  0.000000 -0.007243  0.000000  0.000000  0.000000 ) 
 (  0.064792  0.000000 -0.103724  0.000000 -0.000000  0.000000 ) 
 ( -0.004007  0.000000  0.006415  0.000000 -0.000000  0.000000 ) 
 (  0.243446  0.000000  0.746045  0.000000 -0.000000  0.000000 ) 
 ( -0.466024  0.000000 -0.389725  0.000000  0.000000  0.000000 ) 
     freq (   14) =      15.337982 [THz] =     511.620015 [cm-1]
 ( -0.007243  0.000000 -0.004524  0.000000  0.000000  0.000000 ) 
 ( -0.103724  0.000000 -0.064792  0.000000 -0.000000  0.000000 ) 
 (  0.006415  0.000000  0.004007  0.000000 -0.000000  0.000000 ) 
 ( -0.389725  0.000000  0.466024  0.000000 -0.000000  0.000000 ) 
 (  0.746045  0.000000 -0.243446  0.000000  0.000000  0.000000 ) 
     freq (   15) =      23.428261 [THz] =     781.482663 [cm-1]
 (  0.000000  0.000000  0.000000  0.000000 -0.022205  0.000000 ) 
 (  0.000000  0.000000  0.000000  0.000000  0.319826  0.000000 ) 
 (  0.000000  0.000000 -0.000000  0.000000 -0.941363  0.000000 ) 
 (  0.000000  0.000000 -0.000000  0.000000  0.074344  0.000000 ) 
 ( -0.000000  0.000000  0.000000  0.000000  0.074344  0.000000 ) 
 **************************************************************************
