Dynamical matrix file
default                                                                    
  3    5   0   7.2021431   0.0000000   0.0000000   0.0000000   0.0000000   0.0000000
Basis vectors
      1.004540000    0.000000000    0.000000000
      0.000000000    1.004540000    0.000000000
      0.000000000    0.000000000    1.240511000
           1  'Ti  '    43628.101584882053     
           2  'Sn  '    108197.54609942860     
           3  'O   '    14582.196445495396     
    1    2      0.0000000000      0.0000000000      1.1669813705
    2    1      0.5022700000      0.5022700000      0.6398993465
    3    3      0.5022700000      0.5022700000      0.1874332159
    4    3      0.5022700000      0.0000000000      0.7928383811
    5    3      0.0000000000      0.5022700000      0.7928383811

     Dynamical  Matrix in cartesian axes

     q = (    0.199096104   0.199096104   0.161223883 ) 

    1    1
  0.09828118   0.00000000     0.02777080   0.00000000     0.01711618  -0.00608059
  0.02777080   0.00000000     0.09828118   0.00000000     0.01711618  -0.00608059
  0.01711618   0.00608059     0.01711618   0.00608059     0.15950843   0.00000000
    1    2
  0.01256377  -0.01554570     0.04359752  -0.07947876     0.05516015  -0.04645746
  0.04359752  -0.07947876     0.01256377  -0.01554570     0.05516015  -0.04645746
  0.06436062  -0.01489793     0.06436062  -0.01489793    -0.06007646   0.03188739
    1    3
  0.00038553   0.00063466    -0.02039883   0.00190002    -0.02861591   0.03811120
 -0.02039883   0.00190002     0.00038553   0.00063466    -0.02861591   0.03811120
 -0.00659505   0.01599962    -0.00659505   0.01599962     0.02148611  -0.01261272
    1    4
 -0.01422513   0.01161683    -0.03499123   0.00580483    -0.01581044   0.00036784
 -0.02170617   0.01452633    -0.05563115   0.02000964    -0.00905449   0.00584600
 -0.00864661   0.01102961    -0.03032304  -0.00220558    -0.03113758   0.03176654
    1    5
 -0.05563115   0.02000964    -0.02170617   0.01452633    -0.00905449   0.00584600
 -0.03499123   0.00580483    -0.01422513   0.01161683    -0.01581044   0.00036784
 -0.03032304  -0.00220558    -0.00864661   0.01102961    -0.03113758   0.03176654
    2    1
  0.01256377   0.01554570     0.04359752   0.07947876     0.06436062   0.01489793
  0.04359752   0.07947876     0.01256377   0.01554570     0.06436062   0.01489793
  0.05516015   0.04645746     0.05516015   0.04645746    -0.06007646  -0.03188739
    2    2
  0.32591336   0.00000000     0.06029480   0.00000000     0.03471466   0.03840723
  0.06029480   0.00000000     0.32591336   0.00000000     0.03471466   0.03840723
  0.03471466  -0.03840723     0.03471466  -0.03840723     0.77799211   0.00000000
    2    3
 -0.05277148  -0.01506013    -0.00875762  -0.01522554    -0.02979186  -0.03971228
 -0.00875762  -0.01522554    -0.05277148  -0.01506013    -0.02979186  -0.03971228
 -0.00740778  -0.00826840    -0.00740778  -0.00826840    -0.53082724   0.02903316
    2    4
 -0.03977052  -0.02005323    -0.05271172  -0.04075880    -0.01455725  -0.00058096
 -0.02422989  -0.01012200    -0.11102735  -0.08267037    -0.01906666   0.00375613
 -0.02825351  -0.00735963    -0.02641823  -0.01948552    -0.04959815  -0.05151180
    2    5
 -0.11102735  -0.08267037    -0.02422989  -0.01012200    -0.01906666   0.00375613
 -0.05271172  -0.04075880    -0.03977052  -0.02005323    -0.01455725  -0.00058096
 -0.02641823  -0.01948552    -0.02825351  -0.00735963    -0.04959815  -0.05151180
    3    1
  0.00038553  -0.00063466    -0.02039883  -0.00190002    -0.00659505  -0.01599962
 -0.02039883  -0.00190002     0.00038553  -0.00063466    -0.00659505  -0.01599962
 -0.02861591  -0.03811120    -0.02861591  -0.03811120     0.02148611   0.01261272
    3    2
 -0.05277148   0.01506013    -0.00875762   0.01522554    -0.00740778   0.00826840
 -0.00875762   0.01522554    -0.05277148   0.01506013    -0.00740778   0.00826840
 -0.02979186   0.03971228    -0.02979186   0.03971228    -0.53082724  -0.02903316
    3    3
  0.05573966   0.00000000     0.01023353   0.00000000     0.00854645  -0.00512541
  0.01023353   0.00000000     0.05573966   0.00000000     0.00854645  -0.00512541
  0.00854645   0.00512541     0.00854645   0.00512541     0.57517146   0.00000000
    3    4
  0.00542888  -0.00034871     0.01055752  -0.00226861     0.01065002   0.00891202
  0.01518405  -0.00980266     0.00408826   0.00286331     0.01883637  -0.00775595
  0.02254576   0.00479502     0.06856463  -0.03692072    -0.02655274   0.00153748
    3    5
  0.00408826   0.00286331     0.01518405  -0.00980266     0.01883637  -0.00775595
  0.01055752  -0.00226861     0.00542888  -0.00034871     0.01065002   0.00891202
  0.06856463  -0.03692072     0.02254576   0.00479502    -0.02655274   0.00153748
    4    1
 -0.01422513  -0.01161683    -0.02170617  -0.01452633    -0.00864661  -0.01102961
 -0.03499123  -0.00580483    -0.05563115  -0.02000964    -0.03032304   0.00220558
 -0.01581044  -0.00036784    -0.00905449  -0.00584600    -0.03113758  -0.03176654
    4    2
 -0.03977052   0.02005323    -0.02422989   0.01012200    -0.02825351   0.00735963
 -0.05271172   0.04075880    -0.11102735   0.08267037    -0.02641823   0.01948552
 -0.01455725   0.00058096    -0.01906666  -0.00375613    -0.04959815   0.05151180
    4    3
  0.00542888   0.00034871     0.01518405   0.00980266     0.02254576  -0.00479502
  0.01055752   0.00226861     0.00408826  -0.00286331     0.06856463   0.03692072
  0.01065002  -0.00891202     0.01883637   0.00775595    -0.02655274  -0.00153748
    4    4
  0.14491814   0.00000000     0.02630181   0.00666240     0.00832821   0.00809886
  0.02630181  -0.00666240     0.33119266   0.00000000     0.01102304  -0.03233181
  0.00832821  -0.00809886     0.01102304   0.03233181     0.11624327   0.00000000
    4    5
 -0.04897081   0.00665205     0.05444848   0.00000000     0.00826974  -0.00673343
  0.10010536   0.00000000    -0.04897081  -0.00665205     0.01059842  -0.01487696
  0.01059842   0.01487696     0.00826974   0.00673343     0.02414303   0.00000000
    5    1
 -0.05563115  -0.02000964    -0.03499123  -0.00580483    -0.03032304   0.00220558
 -0.02170617  -0.01452633    -0.01422513  -0.01161683    -0.00864661  -0.01102961
 -0.00905449  -0.00584600    -0.01581044  -0.00036784    -0.03113758  -0.03176654
    5    2
 -0.11102735   0.08267037    -0.05271172   0.04075880    -0.02641823   0.01948552
 -0.02422989   0.01012200    -0.03977052   0.02005323    -0.02825351   0.00735963
 -0.01906666  -0.00375613    -0.01455725   0.00058096    -0.04959815   0.05151180
    5    3
  0.00408826  -0.00286331     0.01055752   0.00226861     0.06856463   0.03692072
  0.01518405   0.00980266     0.00542888   0.00034871     0.02254576  -0.00479502
  0.01883637   0.00775595     0.01065002  -0.00891202    -0.02655274  -0.00153748
    5    4
 -0.04897081  -0.00665205     0.10010536   0.00000000     0.01059842  -0.01487696
  0.05444848   0.00000000    -0.04897081   0.00665205     0.00826974  -0.00673343
  0.00826974   0.00673343     0.01059842   0.01487696     0.02414303   0.00000000
    5    5
  0.33119266   0.00000000     0.02630181  -0.00666240     0.01102304  -0.03233181
  0.02630181   0.00666240     0.14491814   0.00000000     0.00832821   0.00809886
  0.01102304   0.03233181     0.00832821  -0.00809886     0.11624327   0.00000000

     Dynamical  Matrix in cartesian axes

     q = (   -0.199096104  -0.199096104  -0.161223883 ) 

    1    1
  0.09828118  -0.00000000     0.02777080  -0.00000000     0.01711618   0.00608059
  0.02777080  -0.00000000     0.09828118  -0.00000000     0.01711618   0.00608059
  0.01711618  -0.00608059     0.01711618  -0.00608059     0.15950843  -0.00000000
    1    2
  0.01256377   0.01554570     0.04359752   0.07947876     0.05516015   0.04645746
  0.04359752   0.07947876     0.01256377   0.01554570     0.05516015   0.04645746
  0.06436062   0.01489793     0.06436062   0.01489793    -0.06007646  -0.03188739
    1    3
  0.00038553  -0.00063466    -0.02039883  -0.00190002    -0.02861591  -0.03811120
 -0.02039883  -0.00190002     0.00038553  -0.00063466    -0.02861591  -0.03811120
 -0.00659505  -0.01599962    -0.00659505  -0.01599962     0.02148611   0.01261272
    1    4
 -0.01422513  -0.01161683    -0.03499123  -0.00580483    -0.01581044  -0.00036784
 -0.02170617  -0.01452633    -0.05563115  -0.02000964    -0.00905449  -0.00584600
 -0.00864661  -0.01102961    -0.03032304   0.00220558    -0.03113758  -0.03176654
    1    5
 -0.05563115  -0.02000964    -0.02170617  -0.01452633    -0.00905449  -0.00584600
 -0.03499123  -0.00580483    -0.01422513  -0.01161683    -0.01581044  -0.00036784
 -0.03032304   0.00220558    -0.00864661  -0.01102961    -0.03113758  -0.03176654
    2    1
  0.01256377  -0.01554570     0.04359752  -0.07947876     0.06436062  -0.01489793
  0.04359752  -0.07947876     0.01256377  -0.01554570     0.06436062  -0.01489793
  0.05516015  -0.04645746     0.05516015  -0.04645746    -0.06007646   0.03188739
    2    2
  0.32591336  -0.00000000     0.06029480  -0.00000000     0.03471466  -0.03840723
  0.06029480  -0.00000000     0.32591336  -0.00000000     0.03471466  -0.03840723
  0.03471466   0.03840723     0.03471466   0.03840723     0.77799211  -0.00000000
    2    3
 -0.05277148   0.01506013    -0.00875762   0.01522554    -0.02979186   0.03971228
 -0.00875762   0.01522554    -0.05277148   0.01506013    -0.02979186   0.03971228
 -0.00740778   0.00826840    -0.00740778   0.00826840    -0.53082724  -0.02903316
    2    4
 -0.03977052   0.02005323    -0.05271172   0.04075880    -0.01455725   0.00058096
 -0.02422989   0.01012200    -0.11102735   0.08267037    -0.01906666  -0.00375613
 -0.02825351   0.00735963    -0.02641823   0.01948552    -0.04959815   0.05151180
    2    5
 -0.11102735   0.08267037    -0.02422989   0.01012200    -0.01906666  -0.00375613
 -0.05271172   0.04075880    -0.03977052   0.02005323    -0.01455725   0.00058096
 -0.02641823   0.01948552    -0.02825351   0.00735963    -0.04959815   0.05151180
    3    1
  0.00038553   0.00063466    -0.02039883   0.00190002    -0.00659505   0.01599962
 -0.02039883   0.00190002     0.00038553   0.00063466    -0.00659505   0.01599962
 -0.02861591   0.03811120    -0.02861591   0.03811120     0.02148611  -0.01261272
    3    2
 -0.05277148  -0.01506013    -0.00875762  -0.01522554    -0.00740778  -0.00826840
 -0.00875762  -0.01522554    -0.05277148  -0.01506013    -0.00740778  -0.00826840
 -0.02979186  -0.03971228    -0.02979186  -0.03971228    -0.53082724   0.02903316
    3    3
  0.05573966  -0.00000000     0.01023353  -0.00000000     0.00854645   0.00512541
  0.01023353  -0.00000000     0.05573966  -0.00000000     0.00854645   0.00512541
  0.00854645  -0.00512541     0.00854645  -0.00512541     0.57517146  -0.00000000
    3    4
  0.00542888   0.00034871     0.01055752   0.00226861     0.01065002  -0.00891202
  0.01518405   0.00980266     0.00408826  -0.00286331     0.01883637   0.00775595
  0.02254576  -0.00479502     0.06856463   0.03692072    -0.02655274  -0.00153748
    3    5
  0.00408826  -0.00286331     0.01518405   0.00980266     0.01883637   0.00775595
  0.01055752   0.00226861     0.00542888   0.00034871     0.01065002  -0.00891202
  0.06856463   0.03692072     0.02254576  -0.00479502    -0.02655274  -0.00153748
    4    1
 -0.01422513   0.01161683    -0.02170617   0.01452633    -0.00864661   0.01102961
 -0.03499123   0.00580483    -0.05563115   0.02000964    -0.03032304  -0.00220558
 -0.01581044   0.00036784    -0.00905449   0.00584600    -0.03113758   0.03176654
    4    2
 -0.03977052  -0.02005323    -0.02422989  -0.01012200    -0.02825351  -0.00735963
 -0.05271172  -0.04075880    -0.11102735  -0.08267037    -0.02641823  -0.01948552
 -0.01455725  -0.00058096    -0.01906666   0.00375613    -0.04959815  -0.05151180
    4    3
  0.00542888  -0.00034871     0.01518405  -0.00980266     0.02254576   0.00479502
  0.01055752  -0.00226861     0.00408826   0.00286331     0.06856463  -0.03692072
  0.01065002   0.00891202     0.01883637  -0.00775595    -0.02655274   0.00153748
    4    4
  0.14491814  -0.00000000     0.02630181  -0.00666240     0.00832821  -0.00809886
  0.02630181   0.00666240     0.33119266  -0.00000000     0.01102304   0.03233181
  0.00832821   0.00809886     0.01102304  -0.03233181     0.11624327  -0.00000000
    4    5
 -0.04897081  -0.00665205     0.05444848  -0.00000000     0.00826974   0.00673343
  0.10010536  -0.00000000    -0.04897081   0.00665205     0.01059842   0.01487696
  0.01059842  -0.01487696     0.00826974  -0.00673343     0.02414303  -0.00000000
    5    1
 -0.05563115   0.02000964    -0.03499123   0.00580483    -0.03032304  -0.00220558
 -0.02170617   0.01452633    -0.01422513   0.01161683    -0.00864661   0.01102961
 -0.00905449   0.00584600    -0.01581044   0.00036784    -0.03113758   0.03176654
    5    2
 -0.11102735  -0.08267037    -0.05271172  -0.04075880    -0.02641823  -0.01948552
 -0.02422989  -0.01012200    -0.03977052  -0.02005323    -0.02825351  -0.00735963
 -0.01906666   0.00375613    -0.01455725  -0.00058096    -0.04959815  -0.05151180
    5    3
  0.00408826   0.00286331     0.01055752  -0.00226861     0.06856463  -0.03692072
  0.01518405  -0.00980266     0.00542888  -0.00034871     0.02254576   0.00479502
  0.01883637  -0.00775595     0.01065002   0.00891202    -0.02655274   0.00153748
    5    4
 -0.04897081   0.00665205     0.10010536  -0.00000000     0.01059842   0.01487696
  0.05444848  -0.00000000    -0.04897081  -0.00665205     0.00826974   0.00673343
  0.00826974  -0.00673343     0.01059842  -0.01487696     0.02414303  -0.00000000
    5    5
  0.33119266  -0.00000000     0.02630181   0.00666240     0.01102304   0.03233181
  0.02630181  -0.00666240     0.14491814  -0.00000000     0.00832821  -0.00809886
  0.01102304  -0.03233181     0.00832821   0.00809886     0.11624327  -0.00000000

     Dynamical  Matrix in cartesian axes

     q = (    0.199096104  -0.199096104   0.161223883 ) 

    1    1
  0.09828118   0.00000000    -0.02777080   0.00000000     0.01711618  -0.00608059
 -0.02777080   0.00000000     0.09828118   0.00000000    -0.01711618   0.00608059
  0.01711618   0.00608059    -0.01711618  -0.00608059     0.15950843   0.00000000
    1    2
  0.01866725   0.00714497    -0.08906117  -0.01690342     0.06122909   0.03810428
 -0.08906117  -0.01690342     0.01866725   0.00714497    -0.06122909  -0.03810428
  0.03405730   0.05660688    -0.03405730  -0.05660688    -0.04889136  -0.04728236
    1    3
 -0.00048447   0.00056278     0.00811061   0.01881330    -0.04508870  -0.01543834
  0.00811061   0.01881330    -0.00048447   0.00056278     0.04508870   0.01543834
 -0.01725452  -0.00132811     0.01725452   0.00132811     0.01863498   0.01653696
    1    4
 -0.01422513   0.01161683     0.03499123  -0.00580483    -0.01581044   0.00036784
  0.02170617  -0.01452633    -0.05563115   0.02000964     0.00905449  -0.00584600
 -0.00864661   0.01102961     0.03032304   0.00220558    -0.03113758   0.03176654
    1    5
 -0.03622127  -0.04672505     0.02052293   0.01615491    -0.00835786  -0.00680482
  0.01633361   0.03148485    -0.01544407  -0.00993911     0.00523553   0.01492296
 -0.00727271  -0.02952049     0.01316174   0.00481508    -0.03983382  -0.01979720
    2    1
  0.01866725  -0.00714497    -0.08906117   0.01690342     0.03405730  -0.05660688
 -0.08906117   0.01690342     0.01866725  -0.00714497    -0.03405730   0.05660688
  0.06122909  -0.03810428    -0.06122909   0.03810428    -0.04889136   0.04728236
    2    2
  0.32591336   0.00000000    -0.06029480   0.00000000     0.03471466   0.03840723
 -0.06029480   0.00000000     0.32591336   0.00000000    -0.03471466  -0.03840723
  0.03471466  -0.03840723    -0.03471466   0.03840723     0.77799211   0.00000000
    2    3
 -0.05277148  -0.01506013     0.00875762   0.01522554    -0.02979186  -0.03971228
  0.00875762   0.01522554    -0.05277148  -0.01506013     0.02979186   0.03971228
 -0.00740778  -0.00826840     0.00740778   0.00826840    -0.53082724   0.02903316
    2    4
 -0.03136153   0.03162722     0.05505274  -0.03753666    -0.00505096   0.01366524
  0.01711404  -0.01991613    -0.11293353   0.08004674     0.00231963  -0.01929418
 -0.01573024   0.02459644     0.02669551  -0.01910387    -0.06431731   0.03125263
    2    5
 -0.11102735  -0.08267037     0.02422989   0.01012200    -0.01906666   0.00375613
  0.05271172   0.04075880    -0.03977052  -0.02005323     0.01455725   0.00058096
 -0.02641823  -0.01948552     0.02825351   0.00735963    -0.04959815  -0.05151180
    3    1
 -0.00048447  -0.00056278     0.00811061  -0.01881330    -0.01725452   0.00132811
  0.00811061  -0.01881330    -0.00048447  -0.00056278     0.01725452  -0.00132811
 -0.04508870   0.01543834     0.04508870  -0.01543834     0.01863498  -0.01653696
    3    2
 -0.05277148   0.01506013     0.00875762  -0.01522554    -0.00740778   0.00826840
  0.00875762  -0.01522554    -0.05277148   0.01506013     0.00740778  -0.00826840
 -0.02979186   0.03971228     0.02979186  -0.03971228    -0.53082724  -0.02903316
    3    3
  0.05573966   0.00000000    -0.01023353   0.00000000     0.00854645  -0.00512541
 -0.01023353   0.00000000     0.05573966   0.00000000    -0.00854645   0.00512541
  0.00854645   0.00512541    -0.00854645  -0.00512541     0.57517146   0.00000000
    3    4
  0.00134598  -0.00527093    -0.00110487   0.01074183     0.01176688  -0.00737480
  0.00463075   0.01747008     0.00398651  -0.00300336     0.00155559   0.02031117
  0.01152736  -0.01996055     0.01392605   0.07661797    -0.00674302   0.02572826
    3    5
  0.00408826   0.00286331    -0.01518405   0.00980266     0.01883637  -0.00775595
 -0.01055752   0.00226861     0.00542888  -0.00034871    -0.01065002  -0.00891202
  0.06856463  -0.03692072    -0.02254576  -0.00479502    -0.02655274   0.00153748
    4    1
 -0.01422513  -0.01161683     0.02170617   0.01452633    -0.00864661  -0.01102961
  0.03499123   0.00580483    -0.05563115  -0.02000964     0.03032304  -0.00220558
 -0.01581044  -0.00036784     0.00905449   0.00584600    -0.03113758  -0.03176654
    4    2
 -0.03136153  -0.03162722     0.01711404   0.01991613    -0.01573024  -0.02459644
  0.05505274   0.03753666    -0.11293353  -0.08004674     0.02669551   0.01910387
 -0.00505096  -0.01366524     0.00231963   0.01929418    -0.06431731  -0.03125263
    4    3
  0.00134598   0.00527093     0.00463075  -0.01747008     0.01152736   0.01996055
 -0.00110487  -0.01074183     0.00398651   0.00300336     0.01392605  -0.07661797
  0.01176688   0.00737480     0.00155559  -0.02031117    -0.00674302  -0.02572826
    4    4
  0.14491814   0.00000000    -0.02630181  -0.00666240     0.00832821   0.00809886
 -0.02630181   0.00666240     0.33119266   0.00000000    -0.01102304   0.03233181
  0.00832821  -0.00809886    -0.01102304  -0.03233181     0.11624327   0.00000000
    4    5
 -0.02145929  -0.04451842    -0.01682551  -0.05178358     0.00895936   0.00578424
 -0.03093426  -0.09520586    -0.00880634  -0.04862961    -0.01742392  -0.00548247
 -0.01087373   0.01467693     0.00384838  -0.00994573     0.00746061   0.02296139
    5    1
 -0.03622127   0.04672505     0.01633361  -0.03148485    -0.00727271   0.02952049
  0.02052293  -0.01615491    -0.01544407   0.00993911     0.01316174  -0.00481508
 -0.00835786   0.00680482     0.00523553  -0.01492296    -0.03983382   0.01979720
    5    2
 -0.11102735   0.08267037     0.05271172  -0.04075880    -0.02641823   0.01948552
  0.02422989  -0.01012200    -0.03977052   0.02005323     0.02825351  -0.00735963
 -0.01906666  -0.00375613     0.01455725  -0.00058096    -0.04959815   0.05151180
    5    3
  0.00408826  -0.00286331    -0.01055752  -0.00226861     0.06856463   0.03692072
 -0.01518405  -0.00980266     0.00542888   0.00034871    -0.02254576   0.00479502
  0.01883637   0.00775595    -0.01065002   0.00891202    -0.02655274  -0.00153748
    5    4
 -0.02145929   0.04451842    -0.03093426   0.09520586    -0.01087373  -0.01467693
 -0.01682551   0.05178358    -0.00880634   0.04862961     0.00384838   0.00994573
  0.00895936  -0.00578424    -0.01742392   0.00548247     0.00746061  -0.02296139
    5    5
  0.33119266   0.00000000    -0.02630181   0.00666240     0.01102304  -0.03233181
 -0.02630181  -0.00666240     0.14491814   0.00000000    -0.00832821  -0.00809886
  0.01102304   0.03233181    -0.00832821   0.00809886     0.11624327   0.00000000

     Dynamical  Matrix in cartesian axes

     q = (   -0.199096104   0.199096104  -0.161223883 ) 

    1    1
  0.09828118  -0.00000000    -0.02777080  -0.00000000     0.01711618   0.00608059
 -0.02777080  -0.00000000     0.09828118  -0.00000000    -0.01711618  -0.00608059
  0.01711618  -0.00608059    -0.01711618   0.00608059     0.15950843  -0.00000000
    1    2
  0.01866725  -0.00714497    -0.08906117   0.01690342     0.06122909  -0.03810428
 -0.08906117   0.01690342     0.01866725  -0.00714497    -0.06122909   0.03810428
  0.03405730  -0.05660688    -0.03405730   0.05660688    -0.04889136   0.04728236
    1    3
 -0.00048447  -0.00056278     0.00811061  -0.01881330    -0.04508870   0.01543834
  0.00811061  -0.01881330    -0.00048447  -0.00056278     0.04508870  -0.01543834
 -0.01725452   0.00132811     0.01725452  -0.00132811     0.01863498  -0.01653696
    1    4
 -0.01422513  -0.01161683     0.03499123   0.00580483    -0.01581044  -0.00036784
  0.02170617   0.01452633    -0.05563115  -0.02000964     0.00905449   0.00584600
 -0.00864661  -0.01102961     0.03032304  -0.00220558    -0.03113758  -0.03176654
    1    5
 -0.03622127   0.04672505     0.02052293  -0.01615491    -0.00835786   0.00680482
  0.01633361  -0.03148485    -0.01544407   0.00993911     0.00523553  -0.01492296
 -0.00727271   0.02952049     0.01316174  -0.00481508    -0.03983382   0.01979720
    2    1
  0.01866725   0.00714497    -0.08906117  -0.01690342     0.03405730   0.05660688
 -0.08906117  -0.01690342     0.01866725   0.00714497    -0.03405730  -0.05660688
  0.06122909   0.03810428    -0.06122909  -0.03810428    -0.04889136  -0.04728236
    2    2
  0.32591336  -0.00000000    -0.06029480  -0.00000000     0.03471466  -0.03840723
 -0.06029480  -0.00000000     0.32591336  -0.00000000    -0.03471466   0.03840723
  0.03471466   0.03840723    -0.03471466  -0.03840723     0.77799211  -0.00000000
    2    3
 -0.05277148   0.01506013     0.00875762  -0.01522554    -0.02979186   0.03971228
  0.00875762  -0.01522554    -0.05277148   0.01506013     0.02979186  -0.03971228
 -0.00740778   0.00826840     0.00740778  -0.00826840    -0.53082724  -0.02903316
    2    4
 -0.03136153  -0.03162722     0.05505274   0.03753666    -0.00505096  -0.01366524
  0.01711404   0.01991613    -0.11293353  -0.08004674     0.00231963   0.01929418
 -0.01573024  -0.02459644     0.02669551   0.01910387    -0.06431731  -0.03125263
    2    5
 -0.11102735   0.08267037     0.02422989  -0.01012200    -0.01906666  -0.00375613
  0.05271172  -0.04075880    -0.03977052   0.02005323     0.01455725  -0.00058096
 -0.02641823   0.01948552     0.02825351  -0.00735963    -0.04959815   0.05151180
    3    1
 -0.00048447   0.00056278     0.00811061   0.01881330    -0.01725452  -0.00132811
  0.00811061   0.01881330    -0.00048447   0.00056278     0.01725452   0.00132811
 -0.04508870  -0.01543834     0.04508870   0.01543834     0.01863498   0.01653696
    3    2
 -0.05277148  -0.01506013     0.00875762   0.01522554    -0.00740778  -0.00826840
  0.00875762   0.01522554    -0.05277148  -0.01506013     0.00740778   0.00826840
 -0.02979186  -0.03971228     0.02979186   0.03971228    -0.53082724   0.02903316
    3    3
  0.05573966  -0.00000000    -0.01023353  -0.00000000     0.00854645   0.00512541
 -0.01023353  -0.00000000     0.05573966  -0.00000000    -0.00854645  -0.00512541
  0.00854645  -0.00512541    -0.00854645   0.00512541     0.57517146  -0.00000000
    3    4
  0.00134598   0.00527093    -0.00110487  -0.01074183     0.01176688   0.00737480
  0.00463075  -0.01747008     0.00398651   0.00300336     0.00155559  -0.02031117
  0.01152736   0.01996055     0.01392605  -0.07661797    -0.00674302  -0.02572826
    3    5
  0.00408826  -0.00286331    -0.01518405  -0.00980266     0.01883637   0.00775595
 -0.01055752  -0.00226861     0.00542888   0.00034871    -0.01065002   0.00891202
  0.06856463   0.03692072    -0.02254576   0.00479502    -0.02655274  -0.00153748
    4    1
 -0.01422513   0.01161683     0.02170617  -0.01452633    -0.00864661   0.01102961
  0.03499123  -0.00580483    -0.05563115   0.02000964     0.03032304   0.00220558
 -0.01581044   0.00036784     0.00905449  -0.00584600    -0.03113758   0.03176654
    4    2
 -0.03136153   0.03162722     0.01711404  -0.01991613    -0.01573024   0.02459644
  0.05505274  -0.03753666    -0.11293353   0.08004674     0.02669551  -0.01910387
 -0.00505096   0.01366524     0.00231963  -0.01929418    -0.06431731   0.03125263
    4    3
  0.00134598  -0.00527093     0.00463075   0.01747008     0.01152736  -0.01996055
 -0.00110487   0.01074183     0.00398651  -0.00300336     0.01392605   0.07661797
  0.01176688  -0.00737480     0.00155559   0.02031117    -0.00674302   0.02572826
    4    4
  0.14491814  -0.00000000    -0.02630181   0.00666240     0.00832821  -0.00809886
 -0.02630181  -0.00666240     0.33119266  -0.00000000    -0.01102304  -0.03233181
  0.00832821   0.00809886    -0.01102304   0.03233181     0.11624327  -0.00000000
    4    5
 -0.02145929   0.04451842    -0.01682551   0.05178358     0.00895936  -0.00578424
 -0.03093426   0.09520586    -0.00880634   0.04862961    -0.01742392   0.00548247
 -0.01087373  -0.01467693     0.00384838   0.00994573     0.00746061  -0.02296139
    5    1
 -0.03622127  -0.04672505     0.01633361   0.03148485    -0.00727271  -0.02952049
  0.02052293   0.01615491    -0.01544407  -0.00993911     0.01316174   0.00481508
 -0.00835786  -0.00680482     0.00523553   0.01492296    -0.03983382  -0.01979720
    5    2
 -0.11102735  -0.08267037     0.05271172   0.04075880    -0.02641823  -0.01948552
  0.02422989   0.01012200    -0.03977052  -0.02005323     0.02825351   0.00735963
 -0.01906666   0.00375613     0.01455725   0.00058096    -0.04959815  -0.05151180
    5    3
  0.00408826   0.00286331    -0.01055752   0.00226861     0.06856463  -0.03692072
 -0.01518405   0.00980266     0.00542888  -0.00034871    -0.02254576  -0.00479502
  0.01883637  -0.00775595    -0.01065002  -0.00891202    -0.02655274   0.00153748
    5    4
 -0.02145929  -0.04451842    -0.03093426  -0.09520586    -0.01087373   0.01467693
 -0.01682551  -0.05178358    -0.00880634  -0.04862961     0.00384838  -0.00994573
  0.00895936   0.00578424    -0.01742392  -0.00548247     0.00746061   0.02296139
    5    5
  0.33119266  -0.00000000    -0.02630181  -0.00666240     0.01102304   0.03233181
 -0.02630181   0.00666240     0.14491814  -0.00000000    -0.00832821   0.00809886
  0.01102304  -0.03233181    -0.00832821  -0.00809886     0.11624327  -0.00000000

     Dynamical  Matrix in cartesian axes

     q = (   -0.199096104   0.199096104   0.161223883 ) 

    1    1
  0.09828118   0.00000000    -0.02777080   0.00000000    -0.01711618   0.00608059
 -0.02777080   0.00000000     0.09828118   0.00000000     0.01711618  -0.00608059
 -0.01711618  -0.00608059     0.01711618   0.00608059     0.15950843   0.00000000
    1    2
  0.01866725   0.00714497    -0.08906117  -0.01690342    -0.06122909  -0.03810428
 -0.08906117  -0.01690342     0.01866725   0.00714497     0.06122909   0.03810428
 -0.03405730  -0.05660688     0.03405730   0.05660688    -0.04889136  -0.04728236
    1    3
 -0.00048447   0.00056278     0.00811061   0.01881330     0.04508870   0.01543834
  0.00811061   0.01881330    -0.00048447   0.00056278    -0.04508870  -0.01543834
  0.01725452   0.00132811    -0.01725452  -0.00132811     0.01863498   0.01653696
    1    4
 -0.01544407  -0.00993911     0.01633361   0.03148485     0.00523553   0.01492296
  0.02052293   0.01615491    -0.03622127  -0.04672505    -0.00835786  -0.00680482
  0.01316174   0.00481508    -0.00727271  -0.02952049    -0.03983382  -0.01979720
    1    5
 -0.05563115   0.02000964     0.02170617  -0.01452633     0.00905449  -0.00584600
  0.03499123  -0.00580483    -0.01422513   0.01161683    -0.01581044   0.00036784
  0.03032304   0.00220558    -0.00864661   0.01102961    -0.03113758   0.03176654
    2    1
  0.01866725  -0.00714497    -0.08906117   0.01690342    -0.03405730   0.05660688
 -0.08906117   0.01690342     0.01866725  -0.00714497     0.03405730  -0.05660688
 -0.06122909   0.03810428     0.06122909  -0.03810428    -0.04889136   0.04728236
    2    2
  0.32591336   0.00000000    -0.06029480   0.00000000    -0.03471466  -0.03840723
 -0.06029480   0.00000000     0.32591336   0.00000000     0.03471466   0.03840723
 -0.03471466   0.03840723     0.03471466  -0.03840723     0.77799211   0.00000000
    2    3
 -0.05277148  -0.01506013     0.00875762   0.01522554     0.02979186   0.03971228
  0.00875762   0.01522554    -0.05277148  -0.01506013    -0.02979186  -0.03971228
  0.00740778   0.00826840    -0.00740778  -0.00826840    -0.53082724   0.02903316
    2    4
 -0.03977052  -0.02005323     0.05271172   0.04075880     0.01455725   0.00058096
  0.02422989   0.01012200    -0.11102735  -0.08267037    -0.01906666   0.00375613
  0.02825351   0.00735963    -0.02641823  -0.01948552    -0.04959815  -0.05151180
    2    5
 -0.11293353   0.08004674     0.01711404  -0.01991613     0.00231963  -0.01929418
  0.05505274  -0.03753666    -0.03136153   0.03162722    -0.00505096   0.01366524
  0.02669551  -0.01910387    -0.01573024   0.02459644    -0.06431731   0.03125263
    3    1
 -0.00048447  -0.00056278     0.00811061  -0.01881330     0.01725452  -0.00132811
  0.00811061  -0.01881330    -0.00048447  -0.00056278    -0.01725452   0.00132811
  0.04508870  -0.01543834    -0.04508870   0.01543834     0.01863498  -0.01653696
    3    2
 -0.05277148   0.01506013     0.00875762  -0.01522554     0.00740778  -0.00826840
  0.00875762  -0.01522554    -0.05277148   0.01506013    -0.00740778   0.00826840
  0.02979186  -0.03971228    -0.02979186   0.03971228    -0.53082724  -0.02903316
    3    3
  0.05573966   0.00000000    -0.01023353   0.00000000    -0.00854645   0.00512541
 -0.01023353   0.00000000     0.05573966   0.00000000     0.00854645  -0.00512541
 -0.00854645  -0.00512541     0.00854645   0.00512541     0.57517146   0.00000000
    3    4
  0.00542888  -0.00034871    -0.01055752   0.00226861    -0.01065002  -0.00891202
 -0.01518405   0.00980266     0.00408826   0.00286331     0.01883637  -0.00775595
 -0.02254576  -0.00479502     0.06856463  -0.03692072    -0.02655274   0.00153748
    3    5
  0.00398651  -0.00300336     0.00463075   0.01747008     0.00155559   0.02031117
 -0.00110487   0.01074183     0.00134598  -0.00527093     0.01176688  -0.00737480
  0.01392605   0.07661797     0.01152736  -0.01996055    -0.00674302   0.02572826
    4    1
 -0.01544407   0.00993911     0.02052293  -0.01615491     0.01316174  -0.00481508
  0.01633361  -0.03148485    -0.03622127   0.04672505    -0.00727271   0.02952049
  0.00523553  -0.01492296    -0.00835786   0.00680482    -0.03983382   0.01979720
    4    2
 -0.03977052   0.02005323     0.02422989  -0.01012200     0.02825351  -0.00735963
  0.05271172  -0.04075880    -0.11102735   0.08267037    -0.02641823   0.01948552
  0.01455725  -0.00058096    -0.01906666  -0.00375613    -0.04959815   0.05151180
    4    3
  0.00542888   0.00034871    -0.01518405  -0.00980266    -0.02254576   0.00479502
 -0.01055752  -0.00226861     0.00408826  -0.00286331     0.06856463   0.03692072
 -0.01065002   0.00891202     0.01883637   0.00775595    -0.02655274  -0.00153748
    4    4
  0.14491814   0.00000000    -0.02630181  -0.00666240    -0.00832821  -0.00809886
 -0.02630181   0.00666240     0.33119266   0.00000000     0.01102304  -0.03233181
 -0.00832821   0.00809886     0.01102304   0.03233181     0.11624327   0.00000000
    4    5
 -0.00880634   0.04862961    -0.01682551   0.05178358     0.00384838   0.00994573
 -0.03093426   0.09520586    -0.02145929   0.04451842    -0.01087373  -0.01467693
 -0.01742392   0.00548247     0.00895936  -0.00578424     0.00746061  -0.02296139
    5    1
 -0.05563115  -0.02000964     0.03499123   0.00580483     0.03032304  -0.00220558
  0.02170617   0.01452633    -0.01422513  -0.01161683    -0.00864661  -0.01102961
  0.00905449   0.00584600    -0.01581044  -0.00036784    -0.03113758  -0.03176654
    5    2
 -0.11293353  -0.08004674     0.05505274   0.03753666     0.02669551   0.01910387
  0.01711404   0.01991613    -0.03136153  -0.03162722    -0.01573024  -0.02459644
  0.00231963   0.01929418    -0.00505096  -0.01366524    -0.06431731  -0.03125263
    5    3
  0.00398651   0.00300336    -0.00110487  -0.01074183     0.01392605  -0.07661797
  0.00463075  -0.01747008     0.00134598   0.00527093     0.01152736   0.01996055
  0.00155559  -0.02031117     0.01176688   0.00737480    -0.00674302  -0.02572826
    5    4
 -0.00880634  -0.04862961    -0.03093426  -0.09520586    -0.01742392  -0.00548247
 -0.01682551  -0.05178358    -0.02145929  -0.04451842     0.00895936   0.00578424
  0.00384838  -0.00994573    -0.01087373   0.01467693     0.00746061   0.02296139
    5    5
  0.33119266   0.00000000    -0.02630181   0.00666240    -0.01102304   0.03233181
 -0.02630181  -0.00666240     0.14491814   0.00000000     0.00832821   0.00809886
 -0.01102304  -0.03233181     0.00832821  -0.00809886     0.11624327   0.00000000

     Dynamical  Matrix in cartesian axes

     q = (    0.199096104  -0.199096104  -0.161223883 ) 

    1    1
  0.09828118  -0.00000000    -0.02777080  -0.00000000    -0.01711618  -0.00608059
 -0.02777080  -0.00000000     0.09828118  -0.00000000     0.01711618   0.00608059
 -0.01711618   0.00608059     0.01711618  -0.00608059     0.15950843  -0.00000000
    1    2
  0.01866725  -0.00714497    -0.08906117   0.01690342    -0.06122909   0.03810428
 -0.08906117   0.01690342     0.01866725  -0.00714497     0.06122909  -0.03810428
 -0.03405730   0.05660688     0.03405730  -0.05660688    -0.04889136   0.04728236
    1    3
 -0.00048447  -0.00056278     0.00811061  -0.01881330     0.04508870  -0.01543834
  0.00811061  -0.01881330    -0.00048447  -0.00056278    -0.04508870   0.01543834
  0.01725452  -0.00132811    -0.01725452   0.00132811     0.01863498  -0.01653696
    1    4
 -0.01544407   0.00993911     0.01633361  -0.03148485     0.00523553  -0.01492296
  0.02052293  -0.01615491    -0.03622127   0.04672505    -0.00835786   0.00680482
  0.01316174  -0.00481508    -0.00727271   0.02952049    -0.03983382   0.01979720
    1    5
 -0.05563115  -0.02000964     0.02170617   0.01452633     0.00905449   0.00584600
  0.03499123   0.00580483    -0.01422513  -0.01161683    -0.01581044  -0.00036784
  0.03032304  -0.00220558    -0.00864661  -0.01102961    -0.03113758  -0.03176654
    2    1
  0.01866725   0.00714497    -0.08906117  -0.01690342    -0.03405730  -0.05660688
 -0.08906117  -0.01690342     0.01866725   0.00714497     0.03405730   0.05660688
 -0.06122909  -0.03810428     0.06122909   0.03810428    -0.04889136  -0.04728236
    2    2
  0.32591336  -0.00000000    -0.06029480  -0.00000000    -0.03471466   0.03840723
 -0.06029480  -0.00000000     0.32591336  -0.00000000     0.03471466  -0.03840723
 -0.03471466  -0.03840723     0.03471466   0.03840723     0.77799211  -0.00000000
    2    3
 -0.05277148   0.01506013     0.00875762  -0.01522554     0.02979186  -0.03971228
  0.00875762  -0.01522554    -0.05277148   0.01506013    -0.02979186   0.03971228
  0.00740778  -0.00826840    -0.00740778   0.00826840    -0.53082724  -0.02903316
    2    4
 -0.03977052   0.02005323     0.05271172  -0.04075880     0.01455725  -0.00058096
  0.02422989  -0.01012200    -0.11102735   0.08267037    -0.01906666  -0.00375613
  0.02825351  -0.00735963    -0.02641823   0.01948552    -0.04959815   0.05151180
    2    5
 -0.11293353  -0.08004674     0.01711404   0.01991613     0.00231963   0.01929418
  0.05505274   0.03753666    -0.03136153  -0.03162722    -0.00505096  -0.01366524
  0.02669551   0.01910387    -0.01573024  -0.02459644    -0.06431731  -0.03125263
    3    1
 -0.00048447   0.00056278     0.00811061   0.01881330     0.01725452   0.00132811
  0.00811061   0.01881330    -0.00048447   0.00056278    -0.01725452  -0.00132811
  0.04508870   0.01543834    -0.04508870  -0.01543834     0.01863498   0.01653696
    3    2
 -0.05277148  -0.01506013     0.00875762   0.01522554     0.00740778   0.00826840
  0.00875762   0.01522554    -0.05277148  -0.01506013    -0.00740778  -0.00826840
  0.02979186   0.03971228    -0.02979186  -0.03971228    -0.53082724   0.02903316
    3    3
  0.05573966  -0.00000000    -0.01023353  -0.00000000    -0.00854645  -0.00512541
 -0.01023353  -0.00000000     0.05573966  -0.00000000     0.00854645   0.00512541
 -0.00854645   0.00512541     0.00854645  -0.00512541     0.57517146  -0.00000000
    3    4
  0.00542888   0.00034871    -0.01055752  -0.00226861    -0.01065002   0.00891202
 -0.01518405  -0.00980266     0.00408826  -0.00286331     0.01883637   0.00775595
 -0.02254576   0.00479502     0.06856463   0.03692072    -0.02655274  -0.00153748
    3    5
  0.00398651   0.00300336     0.00463075  -0.01747008     0.00155559  -0.02031117
 -0.00110487  -0.01074183     0.00134598   0.00527093     0.01176688   0.00737480
  0.01392605  -0.07661797     0.01152736   0.01996055    -0.00674302  -0.02572826
    4    1
 -0.01544407  -0.00993911     0.02052293   0.01615491     0.01316174   0.00481508
  0.01633361   0.03148485    -0.03622127  -0.04672505    -0.00727271  -0.02952049
  0.00523553   0.01492296    -0.00835786  -0.00680482    -0.03983382  -0.01979720
    4    2
 -0.03977052  -0.02005323     0.02422989   0.01012200     0.02825351   0.00735963
  0.05271172   0.04075880    -0.11102735  -0.08267037    -0.02641823  -0.01948552
  0.01455725   0.00058096    -0.01906666   0.00375613    -0.04959815  -0.05151180
    4    3
  0.00542888  -0.00034871    -0.01518405   0.00980266    -0.02254576  -0.00479502
 -0.01055752   0.00226861     0.00408826   0.00286331     0.06856463  -0.03692072
 -0.01065002  -0.00891202     0.01883637  -0.00775595    -0.02655274   0.00153748
    4    4
  0.14491814  -0.00000000    -0.02630181   0.00666240    -0.00832821   0.00809886
 -0.02630181  -0.00666240     0.33119266  -0.00000000     0.01102304   0.03233181
 -0.00832821  -0.00809886     0.01102304  -0.03233181     0.11624327  -0.00000000
    4    5
 -0.00880634  -0.04862961    -0.01682551  -0.05178358     0.00384838  -0.00994573
 -0.03093426  -0.09520586    -0.02145929  -0.04451842    -0.01087373   0.01467693
 -0.01742392  -0.00548247     0.00895936   0.00578424     0.00746061   0.02296139
    5    1
 -0.05563115   0.02000964     0.03499123  -0.00580483     0.03032304   0.00220558
  0.02170617  -0.01452633    -0.01422513   0.01161683    -0.00864661   0.01102961
  0.00905449  -0.00584600    -0.01581044   0.00036784    -0.03113758   0.03176654
    5    2
 -0.11293353   0.08004674     0.05505274  -0.03753666     0.02669551  -0.01910387
  0.01711404  -0.01991613    -0.03136153   0.03162722    -0.01573024   0.02459644
  0.00231963  -0.01929418    -0.00505096   0.01366524    -0.06431731   0.03125263
    5    3
  0.00398651  -0.00300336    -0.00110487   0.01074183     0.01392605   0.07661797
  0.00463075   0.01747008     0.00134598  -0.00527093     0.01152736  -0.01996055
  0.00155559   0.02031117     0.01176688  -0.00737480    -0.00674302   0.02572826
    5    4
 -0.00880634   0.04862961    -0.03093426   0.09520586    -0.01742392   0.00548247
 -0.01682551   0.05178358    -0.02145929   0.04451842     0.00895936  -0.00578424
  0.00384838   0.00994573    -0.01087373  -0.01467693     0.00746061  -0.02296139
    5    5
  0.33119266  -0.00000000    -0.02630181  -0.00666240    -0.01102304  -0.03233181
 -0.02630181   0.00666240     0.14491814  -0.00000000     0.00832821  -0.00809886
 -0.01102304   0.03233181     0.00832821   0.00809886     0.11624327  -0.00000000

     Dynamical  Matrix in cartesian axes

     q = (   -0.199096104  -0.199096104   0.161223883 ) 

    1    1
  0.09828118   0.00000000     0.02777080   0.00000000    -0.01711618   0.00608059
  0.02777080   0.00000000     0.09828118   0.00000000    -0.01711618   0.00608059
 -0.01711618  -0.00608059    -0.01711618  -0.00608059     0.15950843   0.00000000
    1    2
 -0.00102677   0.01996153     0.01144531   0.08992565     0.01731849  -0.07000720
  0.01144531   0.08992565    -0.00102677   0.01996153     0.01731849  -0.07000720
  0.04331206  -0.04988290     0.04331206  -0.04988290     0.02985994  -0.06110950
    1    3
 -0.00068495  -0.00028684     0.01538620  -0.01352728    -0.00074955   0.04765261
  0.01538620  -0.01352728    -0.00068495  -0.00028684    -0.00074955   0.04765261
  0.00406883   0.01682044     0.00406883   0.01682044    -0.00996905   0.02283312
    1    4
 -0.01544407  -0.00993911    -0.01633361  -0.03148485     0.00523553   0.01492296
 -0.02052293  -0.01615491    -0.03622127  -0.04672505     0.00835786   0.00680482
  0.01316174   0.00481508     0.00727271   0.02952049    -0.03983382  -0.01979720
    1    5
 -0.03622127  -0.04672505    -0.02052293  -0.01615491     0.00835786   0.00680482
 -0.01633361  -0.03148485    -0.01544407  -0.00993911     0.00523553   0.01492296
  0.00727271   0.02952049     0.01316174   0.00481508    -0.03983382  -0.01979720
    2    1
 -0.00102677  -0.01996153     0.01144531  -0.08992565     0.04331206   0.04988290
  0.01144531  -0.08992565    -0.00102677  -0.01996153     0.04331206   0.04988290
  0.01731849   0.07000720     0.01731849   0.07000720     0.02985994   0.06110950
    2    2
  0.32591336   0.00000000     0.06029480   0.00000000    -0.03471466  -0.03840723
  0.06029480   0.00000000     0.32591336   0.00000000    -0.03471466  -0.03840723
 -0.03471466   0.03840723    -0.03471466   0.03840723     0.77799211   0.00000000
    2    3
 -0.05277148  -0.01506013    -0.00875762  -0.01522554     0.02979186   0.03971228
 -0.00875762  -0.01522554    -0.05277148  -0.01506013     0.02979186   0.03971228
  0.00740778   0.00826840     0.00740778   0.00826840    -0.53082724   0.02903316
    2    4
 -0.03136153   0.03162722    -0.05505274   0.03753666     0.00505096  -0.01366524
 -0.01711404   0.01991613    -0.11293353   0.08004674     0.00231963  -0.01929418
  0.01573024  -0.02459644     0.02669551  -0.01910387    -0.06431731   0.03125263
    2    5
 -0.11293353   0.08004674    -0.01711404   0.01991613     0.00231963  -0.01929418
 -0.05505274   0.03753666    -0.03136153   0.03162722     0.00505096  -0.01366524
  0.02669551  -0.01910387     0.01573024  -0.02459644    -0.06431731   0.03125263
    3    1
 -0.00068495   0.00028684     0.01538620   0.01352728     0.00406883  -0.01682044
  0.01538620   0.01352728    -0.00068495   0.00028684     0.00406883  -0.01682044
 -0.00074955  -0.04765261    -0.00074955  -0.04765261    -0.00996905  -0.02283312
    3    2
 -0.05277148   0.01506013    -0.00875762   0.01522554     0.00740778  -0.00826840
 -0.00875762   0.01522554    -0.05277148   0.01506013     0.00740778  -0.00826840
  0.02979186  -0.03971228     0.02979186  -0.03971228    -0.53082724  -0.02903316
    3    3
  0.05573966   0.00000000     0.01023353   0.00000000    -0.00854645   0.00512541
  0.01023353   0.00000000     0.05573966   0.00000000    -0.00854645   0.00512541
 -0.00854645  -0.00512541    -0.00854645  -0.00512541     0.57517146   0.00000000
    3    4
  0.00134598  -0.00527093     0.00110487  -0.01074183    -0.01176688   0.00737480
 -0.00463075  -0.01747008     0.00398651  -0.00300336     0.00155559   0.02031117
 -0.01152736   0.01996055     0.01392605   0.07661797    -0.00674302   0.02572826
    3    5
  0.00398651  -0.00300336    -0.00463075  -0.01747008     0.00155559   0.02031117
  0.00110487  -0.01074183     0.00134598  -0.00527093    -0.01176688   0.00737480
  0.01392605   0.07661797    -0.01152736   0.01996055    -0.00674302   0.02572826
    4    1
 -0.01544407   0.00993911    -0.02052293   0.01615491     0.01316174  -0.00481508
 -0.01633361   0.03148485    -0.03622127   0.04672505     0.00727271  -0.02952049
  0.00523553  -0.01492296     0.00835786  -0.00680482    -0.03983382   0.01979720
    4    2
 -0.03136153  -0.03162722    -0.01711404  -0.01991613     0.01573024   0.02459644
 -0.05505274  -0.03753666    -0.11293353  -0.08004674     0.02669551   0.01910387
  0.00505096   0.01366524     0.00231963   0.01929418    -0.06431731  -0.03125263
    4    3
  0.00134598   0.00527093    -0.00463075   0.01747008    -0.01152736  -0.01996055
  0.00110487   0.01074183     0.00398651   0.00300336     0.01392605  -0.07661797
 -0.01176688  -0.00737480     0.00155559  -0.02031117    -0.00674302  -0.02572826
    4    4
  0.14491814   0.00000000     0.02630181   0.00666240    -0.00832821  -0.00809886
  0.02630181  -0.00666240     0.33119266   0.00000000    -0.01102304   0.03233181
 -0.00832821   0.00809886    -0.01102304  -0.03233181     0.11624327   0.00000000
    4    5
 -0.04897081   0.00665205     0.05444848   0.00000000    -0.00826974   0.00673343
  0.10010536   0.00000000    -0.04897081  -0.00665205    -0.01059842   0.01487696
 -0.01059842  -0.01487696    -0.00826974  -0.00673343     0.02414303   0.00000000
    5    1
 -0.03622127   0.04672505    -0.01633361   0.03148485     0.00727271  -0.02952049
 -0.02052293   0.01615491    -0.01544407   0.00993911     0.01316174  -0.00481508
  0.00835786  -0.00680482     0.00523553  -0.01492296    -0.03983382   0.01979720
    5    2
 -0.11293353  -0.08004674    -0.05505274  -0.03753666     0.02669551   0.01910387
 -0.01711404  -0.01991613    -0.03136153  -0.03162722     0.01573024   0.02459644
  0.00231963   0.01929418     0.00505096   0.01366524    -0.06431731  -0.03125263
    5    3
  0.00398651   0.00300336     0.00110487   0.01074183     0.01392605  -0.07661797
 -0.00463075   0.01747008     0.00134598   0.00527093    -0.01152736  -0.01996055
  0.00155559  -0.02031117    -0.01176688  -0.00737480    -0.00674302  -0.02572826
    5    4
 -0.04897081  -0.00665205     0.10010536   0.00000000    -0.01059842   0.01487696
  0.05444848   0.00000000    -0.04897081   0.00665205    -0.00826974   0.00673343
 -0.00826974  -0.00673343    -0.01059842  -0.01487696     0.02414303   0.00000000
    5    5
  0.33119266   0.00000000     0.02630181  -0.00666240    -0.01102304   0.03233181
  0.02630181   0.00666240     0.14491814   0.00000000    -0.00832821  -0.00809886
 -0.01102304  -0.03233181    -0.00832821   0.00809886     0.11624327   0.00000000

     Dynamical  Matrix in cartesian axes

     q = (    0.199096104   0.199096104  -0.161223883 ) 

    1    1
  0.09828118  -0.00000000     0.02777080  -0.00000000    -0.01711618  -0.00608059
  0.02777080  -0.00000000     0.09828118  -0.00000000    -0.01711618  -0.00608059
 -0.01711618   0.00608059    -0.01711618   0.00608059     0.15950843  -0.00000000
    1    2
 -0.00102677  -0.01996153     0.01144531  -0.08992565     0.01731849   0.07000720
  0.01144531  -0.08992565    -0.00102677  -0.01996153     0.01731849   0.07000720
  0.04331206   0.04988290     0.04331206   0.04988290     0.02985994   0.06110950
    1    3
 -0.00068495   0.00028684     0.01538620   0.01352728    -0.00074955  -0.04765261
  0.01538620   0.01352728    -0.00068495   0.00028684    -0.00074955  -0.04765261
  0.00406883  -0.01682044     0.00406883  -0.01682044    -0.00996905  -0.02283312
    1    4
 -0.01544407   0.00993911    -0.01633361   0.03148485     0.00523553  -0.01492296
 -0.02052293   0.01615491    -0.03622127   0.04672505     0.00835786  -0.00680482
  0.01316174  -0.00481508     0.00727271  -0.02952049    -0.03983382   0.01979720
    1    5
 -0.03622127   0.04672505    -0.02052293   0.01615491     0.00835786  -0.00680482
 -0.01633361   0.03148485    -0.01544407   0.00993911     0.00523553  -0.01492296
  0.00727271  -0.02952049     0.01316174  -0.00481508    -0.03983382   0.01979720
    2    1
 -0.00102677   0.01996153     0.01144531   0.08992565     0.04331206  -0.04988290
  0.01144531   0.08992565    -0.00102677   0.01996153     0.04331206  -0.04988290
  0.01731849  -0.07000720     0.01731849  -0.07000720     0.02985994  -0.06110950
    2    2
  0.32591336  -0.00000000     0.06029480  -0.00000000    -0.03471466   0.03840723
  0.06029480  -0.00000000     0.32591336  -0.00000000    -0.03471466   0.03840723
 -0.03471466  -0.03840723    -0.03471466  -0.03840723     0.77799211  -0.00000000
    2    3
 -0.05277148   0.01506013    -0.00875762   0.01522554     0.02979186  -0.03971228
 -0.00875762   0.01522554    -0.05277148   0.01506013     0.02979186  -0.03971228
  0.00740778  -0.00826840     0.00740778  -0.00826840    -0.53082724  -0.02903316
    2    4
 -0.03136153  -0.03162722    -0.05505274  -0.03753666     0.00505096   0.01366524
 -0.01711404  -0.01991613    -0.11293353  -0.08004674     0.00231963   0.01929418
  0.01573024   0.02459644     0.02669551   0.01910387    -0.06431731  -0.03125263
    2    5
 -0.11293353  -0.08004674    -0.01711404  -0.01991613     0.00231963   0.01929418
 -0.05505274  -0.03753666    -0.03136153  -0.03162722     0.00505096   0.01366524
  0.02669551   0.01910387     0.01573024   0.02459644    -0.06431731  -0.03125263
    3    1
 -0.00068495  -0.00028684     0.01538620  -0.01352728     0.00406883   0.01682044
  0.01538620  -0.01352728    -0.00068495  -0.00028684     0.00406883   0.01682044
 -0.00074955   0.04765261    -0.00074955   0.04765261    -0.00996905   0.02283312
    3    2
 -0.05277148  -0.01506013    -0.00875762  -0.01522554     0.00740778   0.00826840
 -0.00875762  -0.01522554    -0.05277148  -0.01506013     0.00740778   0.00826840
  0.02979186   0.03971228     0.02979186   0.03971228    -0.53082724   0.02903316
    3    3
  0.05573966  -0.00000000     0.01023353  -0.00000000    -0.00854645  -0.00512541
  0.01023353  -0.00000000     0.05573966  -0.00000000    -0.00854645  -0.00512541
 -0.00854645   0.00512541    -0.00854645   0.00512541     0.57517146  -0.00000000
    3    4
  0.00134598   0.00527093     0.00110487   0.01074183    -0.01176688  -0.00737480
 -0.00463075   0.01747008     0.00398651   0.00300336     0.00155559  -0.02031117
 -0.01152736  -0.01996055     0.01392605  -0.07661797    -0.00674302  -0.02572826
    3    5
  0.00398651   0.00300336    -0.00463075   0.01747008     0.00155559  -0.02031117
  0.00110487   0.01074183     0.00134598   0.00527093    -0.01176688  -0.00737480
  0.01392605  -0.07661797    -0.01152736  -0.01996055    -0.00674302  -0.02572826
    4    1
 -0.01544407  -0.00993911    -0.02052293  -0.01615491     0.01316174   0.00481508
 -0.01633361  -0.03148485    -0.03622127  -0.04672505     0.00727271   0.02952049
  0.00523553   0.01492296     0.00835786   0.00680482    -0.03983382  -0.01979720
    4    2
 -0.03136153   0.03162722    -0.01711404   0.01991613     0.01573024  -0.02459644
 -0.05505274   0.03753666    -0.11293353   0.08004674     0.02669551  -0.01910387
  0.00505096  -0.01366524     0.00231963  -0.01929418    -0.06431731   0.03125263
    4    3
  0.00134598  -0.00527093    -0.00463075  -0.01747008    -0.01152736   0.01996055
  0.00110487  -0.01074183     0.00398651  -0.00300336     0.01392605   0.07661797
 -0.01176688   0.00737480     0.00155559   0.02031117    -0.00674302   0.02572826
    4    4
  0.14491814  -0.00000000     0.02630181  -0.00666240    -0.00832821   0.00809886
  0.02630181   0.00666240     0.33119266  -0.00000000    -0.01102304  -0.03233181
 -0.00832821  -0.00809886    -0.01102304   0.03233181     0.11624327  -0.00000000
    4    5
 -0.04897081  -0.00665205     0.05444848  -0.00000000    -0.00826974  -0.00673343
  0.10010536  -0.00000000    -0.04897081   0.00665205    -0.01059842  -0.01487696
 -0.01059842   0.01487696    -0.00826974   0.00673343     0.02414303  -0.00000000
    5    1
 -0.03622127  -0.04672505    -0.01633361  -0.03148485     0.00727271   0.02952049
 -0.02052293  -0.01615491    -0.01544407  -0.00993911     0.01316174   0.00481508
  0.00835786   0.00680482     0.00523553   0.01492296    -0.03983382  -0.01979720
    5    2
 -0.11293353   0.08004674    -0.05505274   0.03753666     0.02669551  -0.01910387
 -0.01711404   0.01991613    -0.03136153   0.03162722     0.01573024  -0.02459644
  0.00231963  -0.01929418     0.00505096  -0.01366524    -0.06431731   0.03125263
    5    3
  0.00398651  -0.00300336     0.00110487  -0.01074183     0.01392605   0.07661797
 -0.00463075  -0.01747008     0.00134598  -0.00527093    -0.01152736   0.01996055
  0.00155559   0.02031117    -0.01176688   0.00737480    -0.00674302   0.02572826
    5    4
 -0.04897081   0.00665205     0.10010536  -0.00000000    -0.01059842  -0.01487696
  0.05444848  -0.00000000    -0.04897081  -0.00665205    -0.00826974  -0.00673343
 -0.00826974   0.00673343    -0.01059842   0.01487696     0.02414303  -0.00000000
    5    5
  0.33119266  -0.00000000     0.02630181   0.00666240    -0.01102304  -0.03233181
  0.02630181  -0.00666240     0.14491814  -0.00000000    -0.00832821   0.00809886
 -0.01102304   0.03233181    -0.00832821  -0.00809886     0.11624327  -0.00000000

     Diagonalizing the dynamical matrix

     q = (    0.199096104   0.199096104   0.161223883 ) 

 **************************************************************************
     freq (    1) =       1.572620 [THz] =      52.456951 [cm-1]
 ( -0.437219  0.155788  0.437219 -0.155788  0.000000  0.000000 ) 
 ( -0.082207 -0.217534  0.082207  0.217534  0.000000  0.000000 ) 
 (  0.065223 -0.374896 -0.065223  0.374896  0.000000  0.000000 ) 
 ( -0.049149 -0.199456  0.116173  0.136944  0.106027  0.000000 ) 
 ( -0.116173 -0.136944  0.049149  0.199456 -0.106027  0.000000 ) 
     freq (    2) =       1.799698 [THz] =      60.031470 [cm-1]
 ( -0.157831 -0.074759 -0.157831 -0.074759  0.441853 -0.148612 ) 
 ( -0.127179  0.032750 -0.127179  0.032750  0.331784  0.142499 ) 
 ( -0.228789  0.132161 -0.228789  0.132161  0.329896  0.128586 ) 
 ( -0.024613  0.014149 -0.065583 -0.007812  0.375151  0.000000 ) 
 ( -0.065583 -0.007812 -0.024613  0.014149  0.375151  0.000000 ) 
     freq (    3) =       2.779959 [THz] =      92.729455 [cm-1]
 (  0.565233  0.117233  0.565233  0.117233  0.257044 -0.219007 ) 
 ( -0.089418 -0.059072 -0.089418 -0.059072  0.059513  0.034639 ) 
 ( -0.041034  0.043296 -0.041034  0.043296  0.058640  0.119383 ) 
 (  0.074203  0.086694  0.075884  0.054183  0.248545 -0.000000 ) 
 (  0.075884  0.054183  0.074203  0.086694  0.248545  0.000000 ) 
     freq (    4) =       3.339587 [THz] =     111.396621 [cm-1]
 (  0.107588  0.011424 -0.107588 -0.011424 -0.000000  0.000000 ) 
 (  0.100601 -0.112606 -0.100601  0.112606  0.000000 -0.000000 ) 
 (  0.061663 -0.495576 -0.061663  0.495576  0.000000 -0.000000 ) 
 (  0.144701 -0.326917 -0.079276  0.186567  0.217235 -0.000000 ) 
 (  0.079276 -0.186567 -0.144701  0.326917 -0.217235  0.000000 ) 
     freq (    5) =       4.416411 [THz] =     147.315610 [cm-1]
 (  0.003439  0.029424  0.003439  0.029424 -0.188062 -0.034435 ) 
 (  0.064782 -0.194661  0.064782 -0.194661  0.309377  0.117394 ) 
 ( -0.218840 -0.404900 -0.218840 -0.404900  0.339252  0.146513 ) 
 ( -0.057059 -0.044249 -0.075107 -0.113161  0.283257 -0.000000 ) 
 ( -0.075107 -0.113161 -0.057059 -0.044249  0.283257  0.000000 ) 
     freq (    6) =       6.158666 [THz] =     205.430970 [cm-1]
 ( -0.020174 -0.025365 -0.020174 -0.025365  0.142301 -0.078085 ) 
 ( -0.062906 -0.185240 -0.062906 -0.185240 -0.115373 -0.278864 ) 
 (  0.108871 -0.522529  0.108871 -0.522529 -0.137458 -0.294467 ) 
 ( -0.102979 -0.006150 -0.103169 -0.029984 -0.205158  0.000000 ) 
 ( -0.103169 -0.029984 -0.102979 -0.006150 -0.205158  0.000000 ) 
     freq (    7) =       6.678401 [THz] =     222.767494 [cm-1]
 ( -0.022843 -0.035223  0.022843  0.035223 -0.000000  0.000000 ) 
 ( -0.078572  0.057824  0.078572 -0.057824  0.000000  0.000000 ) 
 ( -0.286553 -0.356358  0.286553  0.356358  0.000000  0.000000 ) 
 (  0.350911  0.313714 -0.141615 -0.160169 -0.111143  0.000000 ) 
 (  0.141615  0.160169 -0.350911 -0.313714  0.111143  0.000000 ) 
     freq (    8) =       8.103148 [THz] =     270.291925 [cm-1]
 (  0.023186  0.040819 -0.023186 -0.040819 -0.000000 -0.000000 ) 
 (  0.176453 -0.239670 -0.176453  0.239670 -0.000000  0.000000 ) 
 ( -0.062413  0.020551  0.062413 -0.020551 -0.000000  0.000000 ) 
 (  0.021018  0.047242 -0.006650  0.040561 -0.632881 -0.000000 ) 
 (  0.006650 -0.040561 -0.021018 -0.047242  0.632881  0.000000 ) 
     freq (    9) =       8.263349 [THz] =     275.635670 [cm-1]
 (  0.014358 -0.001987  0.014358 -0.001987  0.002763  0.085233 ) 
 (  0.008304  0.323160  0.008304  0.323160  0.098636 -0.092989 ) 
 (  0.043067 -0.425908  0.043067 -0.425908  0.124920 -0.130130 ) 
 (  0.061940  0.316368  0.070076  0.224366  0.154164  0.000000 ) 
 (  0.070076  0.224366  0.061940  0.316368  0.154164  0.000000 ) 
     freq (   10) =       9.410980 [THz] =     313.916519 [cm-1]
 (  0.003544  0.026361 -0.003544 -0.026361  0.000000 -0.000000 ) 
 (  0.159173 -0.218295 -0.159173  0.218295  0.000000  0.000000 ) 
 ( -0.203808  0.198004  0.203808 -0.198004  0.000000  0.000000 ) 
 (  0.063919  0.372502 -0.022399 -0.014511  0.449449  0.000000 ) 
 (  0.022399  0.014511 -0.063919 -0.372502 -0.449449  0.000000 ) 
     freq (   11) =      10.891194 [THz] =     363.291114 [cm-1]
 ( -0.007325 -0.015485 -0.007325 -0.015485 -0.012222  0.016730 ) 
 (  0.067251 -0.037304  0.067251 -0.037304 -0.228890 -0.086433 ) 
 (  0.085213  0.066073  0.085213  0.066073 -0.183800 -0.189947 ) 
 ( -0.243530 -0.061249 -0.055002  0.104972  0.583083 -0.000000 ) 
 ( -0.055002  0.104972 -0.243530 -0.061249  0.583083  0.000000 ) 
     freq (   12) =      12.894996 [THz] =     430.130779 [cm-1]
 (  0.021656 -0.007671  0.021656 -0.007671  0.024856 -0.011207 ) 
 (  0.114015  0.080952  0.114015  0.080952  0.014067 -0.010206 ) 
 ( -0.160047  0.024437 -0.160047  0.024437  0.118723  0.058062 ) 
 ( -0.618634  0.062266  0.083161 -0.127092 -0.186541 -0.000000 ) 
 (  0.083161 -0.127092 -0.618634  0.062266 -0.186541  0.000000 ) 
     freq (   13) =      14.187597 [THz] =     473.247299 [cm-1]
 (  0.004039  0.005521 -0.004039 -0.005521  0.000000 -0.000000 ) 
 ( -0.047799  0.061394  0.047799 -0.061394  0.000000 -0.000000 ) 
 (  0.015200 -0.007324 -0.015200  0.007324  0.000000  0.000000 ) 
 ( -0.006319  0.259363 -0.014113  0.651117 -0.046401  0.000000 ) 
 (  0.014113 -0.651117  0.006319 -0.259363  0.046401  0.000000 ) 
     freq (   14) =      18.602901 [THz] =     620.525989 [cm-1]
 ( -0.010721  0.017324 -0.010721  0.017324 -0.011482  0.021027 ) 
 ( -0.114237  0.045803 -0.114237  0.045803 -0.037033 -0.158943 ) 
 (  0.048076 -0.026664  0.048076 -0.026664 -0.085167  0.197817 ) 
 (  0.051289  0.072117  0.278623 -0.576332  0.164308 -0.000000 ) 
 (  0.278623 -0.576332  0.051289  0.072117  0.164308  0.000000 ) 
     freq (   15) =      24.451378 [THz] =     815.610175 [cm-1]
 (  0.004272 -0.014090  0.004272 -0.014090  0.000655  0.005977 ) 
 (  0.053280  0.013163  0.053280  0.013163  0.231578 -0.193493 ) 
 ( -0.013738  0.019724 -0.013738  0.019724 -0.699834  0.551644 ) 
 ( -0.031146  0.032788 -0.215487  0.070728  0.010953 -0.000000 ) 
 ( -0.215487  0.070728 -0.031146  0.032788  0.010953  0.000000 ) 
 **************************************************************************
