Dynamical matrix file
default                                                                    
  3    5   0   7.2021431   0.0000000   0.0000000   0.0000000   0.0000000   0.0000000
Basis vectors
      1.004540000    0.000000000    0.000000000
      0.000000000    1.004540000    0.000000000
      0.000000000    0.000000000    1.240511000
           1  'Ti  '    43628.101584882053     
           2  'Sn  '    108197.54609942860     
           3  'O   '    14582.196445495396     
    1    2      0.0000000000      0.0000000000      1.1669813705
    2    1      0.5022700000      0.5022700000      0.6398993465
    3    3      0.5022700000      0.5022700000      0.1874332159
    4    3      0.5022700000      0.0000000000      0.7928383811
    5    3      0.0000000000      0.5022700000      0.7928383811

     Dynamical  Matrix in cartesian axes

     q = (    0.000000000   0.000000000   0.161223883 ) 

    1    1
  0.03619493   0.00000000     0.00000000   0.00000000     0.00000000   0.00000000
  0.00000000   0.00000000     0.03619493   0.00000000     0.00000000   0.00000000
  0.00000000   0.00000000     0.00000000   0.00000000     0.25467370   0.00000000
    1    2
 -0.02352785  -0.00640494     0.00000000   0.00000000     0.00000000   0.00000000
  0.00000000   0.00000000    -0.02352785  -0.00640494     0.00000000   0.00000000
  0.00000000   0.00000000     0.00000000   0.00000000    -0.02154698  -0.00627170
    1    3
  0.00384971   0.01636524     0.00000000   0.00000000     0.00000000   0.00000000
  0.00000000   0.00000000     0.00384971   0.01636524     0.00000000   0.00000000
  0.00000000   0.00000000     0.00000000   0.00000000    -0.01433343  -0.03741786
    1    4
  0.00060034   0.00188257     0.00000000   0.00000000     0.00000000   0.00000000
  0.00000000   0.00000000    -0.02490678  -0.00120261     0.00000000   0.00000000
  0.00000000   0.00000000     0.00000000   0.00000000    -0.09383633  -0.00040822
    1    5
 -0.02490678  -0.00120261     0.00000000   0.00000000     0.00000000   0.00000000
  0.00000000   0.00000000     0.00060034   0.00188257     0.00000000   0.00000000
  0.00000000   0.00000000     0.00000000   0.00000000    -0.09383633  -0.00040822
    2    1
 -0.02352785   0.00640494     0.00000000   0.00000000     0.00000000   0.00000000
  0.00000000   0.00000000    -0.02352785   0.00640494     0.00000000   0.00000000
  0.00000000   0.00000000     0.00000000   0.00000000    -0.02154698   0.00627170
    2    2
  0.17579768   0.00000000     0.00000000   0.00000000     0.00000000   0.00000000
  0.00000000   0.00000000     0.17579768   0.00000000     0.00000000   0.00000000
  0.00000000   0.00000000     0.00000000   0.00000000     0.94410807   0.00000000
    2    3
 -0.04027188   0.00100019     0.00000000   0.00000000     0.00000000   0.00000000
  0.00000000   0.00000000    -0.04027188   0.00100019     0.00000000   0.00000000
  0.00000000   0.00000000     0.00000000   0.00000000    -0.67817704   0.01226504
    2    4
  0.00084940   0.00096302     0.00000000   0.00000000     0.00000000   0.00000000
  0.00000000   0.00000000    -0.10687522   0.00035518     0.00000000   0.00000000
  0.00000000   0.00000000     0.00000000   0.00000000    -0.12480334  -0.00175648
    2    5
 -0.10687522   0.00035518     0.00000000   0.00000000     0.00000000   0.00000000
  0.00000000   0.00000000     0.00084940   0.00096302     0.00000000   0.00000000
  0.00000000   0.00000000     0.00000000   0.00000000    -0.12480334  -0.00175648
    3    1
  0.00384971  -0.01636524     0.00000000   0.00000000     0.00000000   0.00000000
  0.00000000   0.00000000     0.00384971  -0.01636524     0.00000000   0.00000000
  0.00000000   0.00000000     0.00000000   0.00000000    -0.01433343   0.03741786
    3    2
 -0.04027188  -0.00100019     0.00000000   0.00000000     0.00000000   0.00000000
  0.00000000   0.00000000    -0.04027188  -0.00100019     0.00000000   0.00000000
  0.00000000   0.00000000     0.00000000   0.00000000    -0.67817704  -0.01226504
    3    3
  0.04756552   0.00000000     0.00000000   0.00000000     0.00000000   0.00000000
  0.00000000   0.00000000     0.04756552   0.00000000     0.00000000   0.00000000
  0.00000000   0.00000000     0.00000000   0.00000000     0.70150366   0.00000000
    3    4
 -0.00235356   0.01530160     0.00000000   0.00000000     0.00000000   0.00000000
  0.00000000   0.00000000    -0.00262808   0.01032809     0.00000000   0.00000000
  0.00000000   0.00000000     0.00000000   0.00000000     0.00769202   0.00297989
    3    5
 -0.00262808   0.01032809     0.00000000   0.00000000     0.00000000   0.00000000
  0.00000000   0.00000000    -0.00235356   0.01530160     0.00000000   0.00000000
  0.00000000   0.00000000     0.00000000   0.00000000     0.00769202   0.00297989
    4    1
  0.00060034  -0.00188257     0.00000000   0.00000000     0.00000000   0.00000000
  0.00000000   0.00000000    -0.02490678   0.00120261     0.00000000   0.00000000
  0.00000000   0.00000000     0.00000000   0.00000000    -0.09383633   0.00040822
    4    2
  0.00084940  -0.00096302     0.00000000   0.00000000     0.00000000   0.00000000
  0.00000000   0.00000000    -0.10687522  -0.00035518     0.00000000   0.00000000
  0.00000000   0.00000000     0.00000000   0.00000000    -0.12480334   0.00175648
    4    3
 -0.00235356  -0.01530160     0.00000000   0.00000000     0.00000000   0.00000000
  0.00000000   0.00000000    -0.00262808  -0.01032809     0.00000000   0.00000000
  0.00000000   0.00000000     0.00000000   0.00000000     0.00769202  -0.00297989
    4    4
  0.11678984   0.00000000     0.00000000   0.00000000     0.00000000   0.00000000
  0.00000000   0.00000000     0.24626731   0.00000000     0.00000000   0.00000000
  0.00000000   0.00000000     0.00000000   0.00000000     0.15672417   0.00000000
    4    5
 -0.10397139   0.00001721     0.00000000   0.00000000     0.00000000   0.00000000
  0.00000000   0.00000000    -0.10397139  -0.00001721     0.00000000   0.00000000
  0.00000000   0.00000000     0.00000000   0.00000000     0.05698605   0.00000000
    5    1
 -0.02490678   0.00120261     0.00000000   0.00000000     0.00000000   0.00000000
  0.00000000   0.00000000     0.00060034  -0.00188257     0.00000000   0.00000000
  0.00000000   0.00000000     0.00000000   0.00000000    -0.09383633   0.00040822
    5    2
 -0.10687522  -0.00035518     0.00000000   0.00000000     0.00000000   0.00000000
  0.00000000   0.00000000     0.00084940  -0.00096302     0.00000000   0.00000000
  0.00000000   0.00000000     0.00000000   0.00000000    -0.12480334   0.00175648
    5    3
 -0.00262808  -0.01032809     0.00000000   0.00000000     0.00000000   0.00000000
  0.00000000   0.00000000    -0.00235356  -0.01530160     0.00000000   0.00000000
  0.00000000   0.00000000     0.00000000   0.00000000     0.00769202  -0.00297989
    5    4
 -0.10397139  -0.00001721     0.00000000   0.00000000     0.00000000   0.00000000
  0.00000000   0.00000000    -0.10397139   0.00001721     0.00000000   0.00000000
  0.00000000   0.00000000     0.00000000   0.00000000     0.05698605   0.00000000
    5    5
  0.24626731   0.00000000     0.00000000   0.00000000     0.00000000   0.00000000
  0.00000000   0.00000000     0.11678984   0.00000000     0.00000000   0.00000000
  0.00000000   0.00000000     0.00000000   0.00000000     0.15672417   0.00000000

     Dynamical  Matrix in cartesian axes

     q = (   -0.000000000  -0.000000000  -0.161223883 ) 

    1    1
  0.03619493  -0.00000000     0.00000000  -0.00000000     0.00000000  -0.00000000
  0.00000000  -0.00000000     0.03619493  -0.00000000     0.00000000  -0.00000000
  0.00000000  -0.00000000     0.00000000  -0.00000000     0.25467370  -0.00000000
    1    2
 -0.02352785   0.00640494     0.00000000  -0.00000000     0.00000000  -0.00000000
  0.00000000  -0.00000000    -0.02352785   0.00640494     0.00000000  -0.00000000
  0.00000000  -0.00000000     0.00000000  -0.00000000    -0.02154698   0.00627170
    1    3
  0.00384971  -0.01636524     0.00000000  -0.00000000     0.00000000  -0.00000000
  0.00000000  -0.00000000     0.00384971  -0.01636524     0.00000000  -0.00000000
  0.00000000  -0.00000000     0.00000000  -0.00000000    -0.01433343   0.03741786
    1    4
  0.00060034  -0.00188257     0.00000000  -0.00000000     0.00000000  -0.00000000
  0.00000000  -0.00000000    -0.02490678   0.00120261     0.00000000  -0.00000000
  0.00000000  -0.00000000     0.00000000  -0.00000000    -0.09383633   0.00040822
    1    5
 -0.02490678   0.00120261     0.00000000  -0.00000000     0.00000000  -0.00000000
  0.00000000  -0.00000000     0.00060034  -0.00188257     0.00000000  -0.00000000
  0.00000000  -0.00000000     0.00000000  -0.00000000    -0.09383633   0.00040822
    2    1
 -0.02352785  -0.00640494     0.00000000  -0.00000000     0.00000000  -0.00000000
  0.00000000  -0.00000000    -0.02352785  -0.00640494     0.00000000  -0.00000000
  0.00000000  -0.00000000     0.00000000  -0.00000000    -0.02154698  -0.00627170
    2    2
  0.17579768  -0.00000000     0.00000000  -0.00000000     0.00000000  -0.00000000
  0.00000000  -0.00000000     0.17579768  -0.00000000     0.00000000  -0.00000000
  0.00000000  -0.00000000     0.00000000  -0.00000000     0.94410807  -0.00000000
    2    3
 -0.04027188  -0.00100019     0.00000000  -0.00000000     0.00000000  -0.00000000
  0.00000000  -0.00000000    -0.04027188  -0.00100019     0.00000000  -0.00000000
  0.00000000  -0.00000000     0.00000000  -0.00000000    -0.67817704  -0.01226504
    2    4
  0.00084940  -0.00096302     0.00000000  -0.00000000     0.00000000  -0.00000000
  0.00000000  -0.00000000    -0.10687522  -0.00035518     0.00000000  -0.00000000
  0.00000000  -0.00000000     0.00000000  -0.00000000    -0.12480334   0.00175648
    2    5
 -0.10687522  -0.00035518     0.00000000  -0.00000000     0.00000000  -0.00000000
  0.00000000  -0.00000000     0.00084940  -0.00096302     0.00000000  -0.00000000
  0.00000000  -0.00000000     0.00000000  -0.00000000    -0.12480334   0.00175648
    3    1
  0.00384971   0.01636524     0.00000000  -0.00000000     0.00000000  -0.00000000
  0.00000000  -0.00000000     0.00384971   0.01636524     0.00000000  -0.00000000
  0.00000000  -0.00000000     0.00000000  -0.00000000    -0.01433343  -0.03741786
    3    2
 -0.04027188   0.00100019     0.00000000  -0.00000000     0.00000000  -0.00000000
  0.00000000  -0.00000000    -0.04027188   0.00100019     0.00000000  -0.00000000
  0.00000000  -0.00000000     0.00000000  -0.00000000    -0.67817704   0.01226504
    3    3
  0.04756552  -0.00000000     0.00000000  -0.00000000     0.00000000  -0.00000000
  0.00000000  -0.00000000     0.04756552  -0.00000000     0.00000000  -0.00000000
  0.00000000  -0.00000000     0.00000000  -0.00000000     0.70150366  -0.00000000
    3    4
 -0.00235356  -0.01530160     0.00000000  -0.00000000     0.00000000  -0.00000000
  0.00000000  -0.00000000    -0.00262808  -0.01032809     0.00000000  -0.00000000
  0.00000000  -0.00000000     0.00000000  -0.00000000     0.00769202  -0.00297989
    3    5
 -0.00262808  -0.01032809     0.00000000  -0.00000000     0.00000000  -0.00000000
  0.00000000  -0.00000000    -0.00235356  -0.01530160     0.00000000  -0.00000000
  0.00000000  -0.00000000     0.00000000  -0.00000000     0.00769202  -0.00297989
    4    1
  0.00060034   0.00188257     0.00000000  -0.00000000     0.00000000  -0.00000000
  0.00000000  -0.00000000    -0.02490678  -0.00120261     0.00000000  -0.00000000
  0.00000000  -0.00000000     0.00000000  -0.00000000    -0.09383633  -0.00040822
    4    2
  0.00084940   0.00096302     0.00000000  -0.00000000     0.00000000  -0.00000000
  0.00000000  -0.00000000    -0.10687522   0.00035518     0.00000000  -0.00000000
  0.00000000  -0.00000000     0.00000000  -0.00000000    -0.12480334  -0.00175648
    4    3
 -0.00235356   0.01530160     0.00000000  -0.00000000     0.00000000  -0.00000000
  0.00000000  -0.00000000    -0.00262808   0.01032809     0.00000000  -0.00000000
  0.00000000  -0.00000000     0.00000000  -0.00000000     0.00769202   0.00297989
    4    4
  0.11678984  -0.00000000     0.00000000  -0.00000000     0.00000000  -0.00000000
  0.00000000  -0.00000000     0.24626731  -0.00000000     0.00000000  -0.00000000
  0.00000000  -0.00000000     0.00000000  -0.00000000     0.15672417  -0.00000000
    4    5
 -0.10397139  -0.00001721     0.00000000  -0.00000000     0.00000000  -0.00000000
  0.00000000  -0.00000000    -0.10397139   0.00001721     0.00000000  -0.00000000
  0.00000000  -0.00000000     0.00000000  -0.00000000     0.05698605  -0.00000000
    5    1
 -0.02490678  -0.00120261     0.00000000  -0.00000000     0.00000000  -0.00000000
  0.00000000  -0.00000000     0.00060034   0.00188257     0.00000000  -0.00000000
  0.00000000  -0.00000000     0.00000000  -0.00000000    -0.09383633  -0.00040822
    5    2
 -0.10687522   0.00035518     0.00000000  -0.00000000     0.00000000  -0.00000000
  0.00000000  -0.00000000     0.00084940   0.00096302     0.00000000  -0.00000000
  0.00000000  -0.00000000     0.00000000  -0.00000000    -0.12480334  -0.00175648
    5    3
 -0.00262808   0.01032809     0.00000000  -0.00000000     0.00000000  -0.00000000
  0.00000000  -0.00000000    -0.00235356   0.01530160     0.00000000  -0.00000000
  0.00000000  -0.00000000     0.00000000  -0.00000000     0.00769202   0.00297989
    5    4
 -0.10397139   0.00001721     0.00000000  -0.00000000     0.00000000  -0.00000000
  0.00000000  -0.00000000    -0.10397139  -0.00001721     0.00000000  -0.00000000
  0.00000000  -0.00000000     0.00000000  -0.00000000     0.05698605  -0.00000000
    5    5
  0.24626731  -0.00000000     0.00000000  -0.00000000     0.00000000  -0.00000000
  0.00000000  -0.00000000     0.11678984  -0.00000000     0.00000000  -0.00000000
  0.00000000  -0.00000000     0.00000000  -0.00000000     0.15672417  -0.00000000

     Diagonalizing the dynamical matrix

     q = (    0.000000000   0.000000000   0.161223883 ) 

 **************************************************************************
     freq (    1) =       0.683181 [THz] =      22.788473 [cm-1]
 (  0.322554 -0.203705  0.337038 -0.291301 -0.000000 -0.000000 ) 
 (  0.250469 -0.098580  0.272079 -0.157379 -0.000000  0.000000 ) 
 (  0.271993 -0.087091  0.298931 -0.147855 -0.000000  0.000000 ) 
 (  0.240728 -0.008766  0.277785 -0.110261 -0.000000 -0.000000 ) 
 (  0.249293 -0.057952  0.276446 -0.051976 -0.000000  0.000000 ) 
     freq (    2) =       0.683181 [THz] =      22.788473 [cm-1]
 (  0.409682 -0.174962 -0.324618  0.200398 -0.000000 -0.000000 ) 
 (  0.307060 -0.067149 -0.251463  0.096015 -0.000000  0.000000 ) 
 (  0.329742 -0.049908 -0.272869  0.084308 -0.000000  0.000000 ) 
 (  0.279156  0.034587 -0.249872  0.055402 -0.000000 -0.000000 ) 
 (  0.298162 -0.020529 -0.240805  0.006305 -0.000000  0.000000 ) 
     freq (    3) =       1.494886 [THz] =      49.864028 [cm-1]
 (  0.000000 -0.000000 -0.000000  0.000000  0.443182  0.073307 ) 
 (  0.000000 -0.000000 -0.000000  0.000000  0.445798 -0.062706 ) 
 (  0.000000  0.000000 -0.000000 -0.000000  0.437127 -0.079098 ) 
 (  0.000000  0.000000 -0.000000  0.000000  0.446213 -0.000000 ) 
 (  0.000000 -0.000000  0.000000 -0.000000  0.446213  0.000000 ) 
     freq (    4) =       2.832666 [THz] =      94.487564 [cm-1]
 ( -0.018033  0.004602 -0.162696  0.174471 -0.000000 -0.000000 ) 
 (  0.030149  0.001940  0.338682 -0.187757 -0.000000  0.000000 ) 
 (  0.046501 -0.024105  0.334819 -0.581934 -0.000000  0.000000 ) 
 (  0.030691  0.016412  0.363331 -0.072828 -0.000000  0.000000 ) 
 (  0.026925  0.010525  0.444709 -0.035384 -0.000000  0.000000 ) 
     freq (    5) =       2.832666 [THz] =      94.487564 [cm-1]
 (  0.177833 -0.159015 -0.004978  0.017933 -0.000000 -0.000000 ) 
 ( -0.354298  0.156304  0.016679 -0.025190 -0.000000  0.000000 ) 
 ( -0.386159  0.549211  0.002218 -0.052331 -0.000000  0.000000 ) 
 ( -0.446086 -0.005047  0.022523 -0.018123 -0.000000  0.000000 ) 
 ( -0.368435  0.039614  0.029504 -0.018462 -0.000000  0.000000 ) 
     freq (    6) =       6.379760 [THz] =     212.805888 [cm-1]
 ( -0.000962 -0.006573  0.009099  0.059837  0.000000  0.000000 ) 
 (  0.000693  0.031954 -0.007927 -0.291076 -0.000000 -0.000000 ) 
 ( -0.076779 -0.028228  0.700897  0.253287 -0.000000 -0.000000 ) 
 (  0.054461  0.005491 -0.275993 -0.139221 -0.000000  0.000000 ) 
 (  0.030209  0.015449 -0.496432 -0.047269 -0.000000  0.000000 ) 
     freq (    7) =       6.379760 [THz] =     212.805888 [cm-1]
 ( -0.057276  0.019561 -0.006275  0.002182  0.000000 -0.000000 ) 
 (  0.285062 -0.059396  0.031253 -0.006693 -0.000000 -0.000000 ) 
 ( -0.125037  0.734694 -0.013277  0.080719 -0.000000 -0.000000 ) 
 ( -0.041475 -0.496950  0.009489 -0.032576  0.000000 -0.000000 ) 
 (  0.088094 -0.296300 -0.004855 -0.054522 -0.000000  0.000000 ) 
     freq (    8) =       6.525914 [THz] =     217.681043 [cm-1]
 (  0.000000  0.000000 -0.000000 -0.000000  0.336964  0.184289 ) 
 ( -0.000000 -0.000000  0.000000  0.000000 -0.585996 -0.142354 ) 
 (  0.000000  0.000000 -0.000000 -0.000000 -0.590465 -0.174344 ) 
 ( -0.000000 -0.000000  0.000000  0.000000 -0.234299 -0.000000 ) 
 ( -0.000000 -0.000000  0.000000  0.000000 -0.234299  0.000000 ) 
     freq (    9) =       8.269378 [THz] =     275.836748 [cm-1]
 ( -0.004654  0.010238  0.004929 -0.017790 -0.000000 -0.000000 ) 
 ( -0.172010 -0.090622  0.302067  0.102979  0.000000  0.000000 ) 
 (  0.107075  0.242813 -0.235673 -0.366345  0.000000  0.000000 ) 
 (  0.378163  0.068464 -0.195018  0.037390  0.000000 -0.000000 ) 
 (  0.120905 -0.004003 -0.630671 -0.014364 -0.000000  0.000000 ) 
     freq (   10) =       8.269378 [THz] =     275.836748 [cm-1]
 ( -0.004816  0.017821 -0.001208  0.011181  0.000000  0.000000 ) 
 ( -0.302717 -0.101053 -0.191754 -0.032098 -0.000000  0.000000 ) 
 (  0.238001  0.364836  0.177830  0.196976 -0.000000  0.000000 ) 
 (  0.630749  0.010346  0.113548 -0.041722 -0.000000  0.000000 ) 
 (  0.194776 -0.038631  0.380554 -0.053602  0.000000  0.000000 ) 
     freq (   11) =       8.603876 [THz] =     286.994415 [cm-1]
 ( -0.000000  0.000000  0.000000 -0.000000  0.000000  0.000000 ) 
 ( -0.000000 -0.000000  0.000000  0.000000  0.000000 -0.000000 ) 
 ( -0.000000  0.000000 -0.000000 -0.000000  0.000000 -0.000000 ) 
 (  0.000000  0.000000 -0.000000  0.000000 -0.707107  0.000000 ) 
 (  0.000000  0.000000 -0.000000 -0.000000  0.707107  0.000000 ) 
     freq (   12) =      13.715717 [THz] =     457.507067 [cm-1]
 ( -0.000000 -0.000000 -0.000000 -0.000000 -0.071923  0.007123 ) 
 ( -0.000000  0.000000 -0.000000 -0.000000 -0.175289 -0.001759 ) 
 (  0.000000 -0.000000  0.000000  0.000000 -0.289758 -0.010050 ) 
 ( -0.000000  0.000000  0.000000  0.000000  0.663320 -0.000000 ) 
 (  0.000000 -0.000000  0.000000 -0.000000  0.663320  0.000000 ) 
     freq (   13) =      15.310960 [THz] =     510.718646 [cm-1]
 (  0.007567  0.000148 -0.003633 -0.000414 -0.000000  0.000000 ) 
 (  0.110892 -0.002138 -0.053438 -0.003992 -0.000000  0.000000 ) 
 ( -0.012601 -0.007546  0.005720  0.004200 -0.000000  0.000000 ) 
 (  0.413537 -0.009838  0.381679  0.026436  0.000000 -0.000000 ) 
 ( -0.791630  0.019548 -0.199367 -0.013990  0.000000  0.000000 ) 
     freq (   14) =      15.310960 [THz] =     510.718646 [cm-1]
 ( -0.003657 -0.000011 -0.007533 -0.000732  0.000000  0.000000 ) 
 ( -0.053553  0.001922 -0.110726 -0.006426  0.000000 -0.000000 ) 
 (  0.006148  0.003544  0.011981  0.008496  0.000000 -0.000000 ) 
 ( -0.199694  0.008069  0.790778  0.041597 -0.000000 -0.000000 ) 
 (  0.382267 -0.015792 -0.413063 -0.022102 -0.000000  0.000000 ) 
     freq (   15) =      26.571102 [THz] =     886.316549 [cm-1]
 ( -0.000000 -0.000000  0.000000  0.000000 -0.002394 -0.004906 ) 
 ( -0.000000  0.000000  0.000000 -0.000000 -0.341692 -0.019061 ) 
 (  0.000000  0.000000 -0.000000  0.000000  0.932011  0.070092 ) 
 ( -0.000000  0.000000 -0.000000 -0.000000  0.068176  0.000000 ) 
 (  0.000000 -0.000000  0.000000  0.000000  0.068176  0.000000 ) 
 **************************************************************************
