Dynamical matrix file
default                                                                    
  3    5   0   7.2021431   0.0000000   0.0000000   0.0000000   0.0000000   0.0000000
Basis vectors
      1.004540000    0.000000000    0.000000000
      0.000000000    1.004540000    0.000000000
      0.000000000    0.000000000    1.240511000
           1  'Ti  '    43628.101584882053     
           2  'Sn  '    108197.54609942860     
           3  'O   '    14582.196445495396     
    1    2      0.0000000000      0.0000000000      1.1669813705
    2    1      0.5022700000      0.5022700000      0.6398993465
    3    3      0.5022700000      0.5022700000      0.1874332159
    4    3      0.5022700000      0.0000000000      0.7928383811
    5    3      0.0000000000      0.5022700000      0.7928383811

     Dynamical  Matrix in cartesian axes

     q = (    0.000000000   0.000000000   0.322447765 ) 

    1    1
  0.03549955   0.00000000     0.00000000   0.00000000     0.00000000   0.00000000
  0.00000000   0.00000000     0.03549955   0.00000000     0.00000000   0.00000000
  0.00000000   0.00000000     0.00000000   0.00000000     0.25296610   0.00000000
    1    2
 -0.01582805  -0.00392447     0.00000000   0.00000000     0.00000000   0.00000000
  0.00000000   0.00000000    -0.01582805  -0.00392447     0.00000000   0.00000000
  0.00000000   0.00000000     0.00000000   0.00000000    -0.01475142  -0.00343474
    1    3
 -0.01522680   0.00982191     0.00000000   0.00000000     0.00000000   0.00000000
  0.00000000   0.00000000    -0.01522680   0.00982191     0.00000000   0.00000000
  0.00000000   0.00000000     0.00000000   0.00000000     0.02941551  -0.02296608
    1    4
 -0.00142378   0.00100998     0.00000000   0.00000000     0.00000000   0.00000000
  0.00000000   0.00000000    -0.02352901  -0.00072491     0.00000000   0.00000000
  0.00000000   0.00000000     0.00000000   0.00000000    -0.09411583  -0.00018692
    1    5
 -0.02352901  -0.00072491     0.00000000   0.00000000     0.00000000   0.00000000
  0.00000000   0.00000000    -0.00142378   0.00100998     0.00000000   0.00000000
  0.00000000   0.00000000     0.00000000   0.00000000    -0.09411583  -0.00018692
    2    1
 -0.01582805   0.00392447     0.00000000   0.00000000     0.00000000   0.00000000
  0.00000000   0.00000000    -0.01582805   0.00392447     0.00000000   0.00000000
  0.00000000   0.00000000     0.00000000   0.00000000    -0.01475142   0.00343474
    2    2
  0.17540496   0.00000000     0.00000000   0.00000000     0.00000000   0.00000000
  0.00000000   0.00000000     0.17540496   0.00000000     0.00000000   0.00000000
  0.00000000   0.00000000     0.00000000   0.00000000     0.94565864   0.00000000
    2    3
 -0.04130066   0.00102635     0.00000000   0.00000000     0.00000000   0.00000000
  0.00000000   0.00000000    -0.04130066   0.00102635     0.00000000   0.00000000
  0.00000000   0.00000000     0.00000000   0.00000000    -0.69232752   0.00714645
    2    4
  0.00261719   0.00059746     0.00000000   0.00000000     0.00000000   0.00000000
  0.00000000   0.00000000    -0.10587973   0.00031656     0.00000000   0.00000000
  0.00000000   0.00000000     0.00000000   0.00000000    -0.12528210  -0.00114750
    2    5
 -0.10587973   0.00031656     0.00000000   0.00000000     0.00000000   0.00000000
  0.00000000   0.00000000     0.00261719   0.00059746     0.00000000   0.00000000
  0.00000000   0.00000000     0.00000000   0.00000000    -0.12528210  -0.00114750
    3    1
 -0.01522680  -0.00982191     0.00000000   0.00000000     0.00000000   0.00000000
  0.00000000   0.00000000    -0.01522680  -0.00982191     0.00000000   0.00000000
  0.00000000   0.00000000     0.00000000   0.00000000     0.02941551   0.02296608
    3    2
 -0.04130066  -0.00102635     0.00000000   0.00000000     0.00000000   0.00000000
  0.00000000   0.00000000    -0.04130066  -0.00102635     0.00000000   0.00000000
  0.00000000   0.00000000     0.00000000   0.00000000    -0.69232752  -0.00714645
    3    3
  0.04639846   0.00000000     0.00000000   0.00000000     0.00000000   0.00000000
  0.00000000   0.00000000     0.04639846   0.00000000     0.00000000   0.00000000
  0.00000000   0.00000000     0.00000000   0.00000000     0.70556065   0.00000000
    3    4
  0.01584725   0.00934992     0.00000000   0.00000000     0.00000000   0.00000000
  0.00000000   0.00000000     0.00960963   0.00669002     0.00000000   0.00000000
  0.00000000   0.00000000     0.00000000   0.00000000     0.01104606   0.00177935
    3    5
  0.00960963   0.00669002     0.00000000   0.00000000     0.00000000   0.00000000
  0.00000000   0.00000000     0.01584725   0.00934992     0.00000000   0.00000000
  0.00000000   0.00000000     0.00000000   0.00000000     0.01104606   0.00177935
    4    1
 -0.00142378  -0.00100998     0.00000000   0.00000000     0.00000000   0.00000000
  0.00000000   0.00000000    -0.02352901   0.00072491     0.00000000   0.00000000
  0.00000000   0.00000000     0.00000000   0.00000000    -0.09411583   0.00018692
    4    2
  0.00261719  -0.00059746     0.00000000   0.00000000     0.00000000   0.00000000
  0.00000000   0.00000000    -0.10587973  -0.00031656     0.00000000   0.00000000
  0.00000000   0.00000000     0.00000000   0.00000000    -0.12528210   0.00114750
    4    3
  0.01584725  -0.00934992     0.00000000   0.00000000     0.00000000   0.00000000
  0.00000000   0.00000000     0.00960963  -0.00669002     0.00000000   0.00000000
  0.00000000   0.00000000     0.00000000   0.00000000     0.01104606  -0.00177935
    4    4
  0.11626784   0.00000000     0.00000000   0.00000000     0.00000000   0.00000000
  0.00000000   0.00000000     0.24432916   0.00000000     0.00000000   0.00000000
  0.00000000   0.00000000     0.00000000   0.00000000     0.15842737   0.00000000
    4    5
 -0.10351652   0.00014056     0.00000000   0.00000000     0.00000000   0.00000000
  0.00000000   0.00000000    -0.10351652  -0.00014056     0.00000000   0.00000000
  0.00000000   0.00000000     0.00000000   0.00000000     0.05667589   0.00000000
    5    1
 -0.02352901   0.00072491     0.00000000   0.00000000     0.00000000   0.00000000
  0.00000000   0.00000000    -0.00142378  -0.00100998     0.00000000   0.00000000
  0.00000000   0.00000000     0.00000000   0.00000000    -0.09411583   0.00018692
    5    2
 -0.10587973  -0.00031656     0.00000000   0.00000000     0.00000000   0.00000000
  0.00000000   0.00000000     0.00261719  -0.00059746     0.00000000   0.00000000
  0.00000000   0.00000000     0.00000000   0.00000000    -0.12528210   0.00114750
    5    3
  0.00960963  -0.00669002     0.00000000   0.00000000     0.00000000   0.00000000
  0.00000000   0.00000000     0.01584725  -0.00934992     0.00000000   0.00000000
  0.00000000   0.00000000     0.00000000   0.00000000     0.01104606  -0.00177935
    5    4
 -0.10351652  -0.00014056     0.00000000   0.00000000     0.00000000   0.00000000
  0.00000000   0.00000000    -0.10351652   0.00014056     0.00000000   0.00000000
  0.00000000   0.00000000     0.00000000   0.00000000     0.05667589   0.00000000
    5    5
  0.24432916   0.00000000     0.00000000   0.00000000     0.00000000   0.00000000
  0.00000000   0.00000000     0.11626784   0.00000000     0.00000000   0.00000000
  0.00000000   0.00000000     0.00000000   0.00000000     0.15842737   0.00000000

     Dynamical  Matrix in cartesian axes

     q = (   -0.000000000  -0.000000000  -0.322447765 ) 

    1    1
  0.03549955  -0.00000000     0.00000000  -0.00000000     0.00000000  -0.00000000
  0.00000000  -0.00000000     0.03549955  -0.00000000     0.00000000  -0.00000000
  0.00000000  -0.00000000     0.00000000  -0.00000000     0.25296610  -0.00000000
    1    2
 -0.01582805   0.00392447     0.00000000  -0.00000000     0.00000000  -0.00000000
  0.00000000  -0.00000000    -0.01582805   0.00392447     0.00000000  -0.00000000
  0.00000000  -0.00000000     0.00000000  -0.00000000    -0.01475142   0.00343474
    1    3
 -0.01522680  -0.00982191     0.00000000  -0.00000000     0.00000000  -0.00000000
  0.00000000  -0.00000000    -0.01522680  -0.00982191     0.00000000  -0.00000000
  0.00000000  -0.00000000     0.00000000  -0.00000000     0.02941551   0.02296608
    1    4
 -0.00142378  -0.00100998     0.00000000  -0.00000000     0.00000000  -0.00000000
  0.00000000  -0.00000000    -0.02352901   0.00072491     0.00000000  -0.00000000
  0.00000000  -0.00000000     0.00000000  -0.00000000    -0.09411583   0.00018692
    1    5
 -0.02352901   0.00072491     0.00000000  -0.00000000     0.00000000  -0.00000000
  0.00000000  -0.00000000    -0.00142378  -0.00100998     0.00000000  -0.00000000
  0.00000000  -0.00000000     0.00000000  -0.00000000    -0.09411583   0.00018692
    2    1
 -0.01582805  -0.00392447     0.00000000  -0.00000000     0.00000000  -0.00000000
  0.00000000  -0.00000000    -0.01582805  -0.00392447     0.00000000  -0.00000000
  0.00000000  -0.00000000     0.00000000  -0.00000000    -0.01475142  -0.00343474
    2    2
  0.17540496  -0.00000000     0.00000000  -0.00000000     0.00000000  -0.00000000
  0.00000000  -0.00000000     0.17540496  -0.00000000     0.00000000  -0.00000000
  0.00000000  -0.00000000     0.00000000  -0.00000000     0.94565864  -0.00000000
    2    3
 -0.04130066  -0.00102635     0.00000000  -0.00000000     0.00000000  -0.00000000
  0.00000000  -0.00000000    -0.04130066  -0.00102635     0.00000000  -0.00000000
  0.00000000  -0.00000000     0.00000000  -0.00000000    -0.69232752  -0.00714645
    2    4
  0.00261719  -0.00059746     0.00000000  -0.00000000     0.00000000  -0.00000000
  0.00000000  -0.00000000    -0.10587973  -0.00031656     0.00000000  -0.00000000
  0.00000000  -0.00000000     0.00000000  -0.00000000    -0.12528210   0.00114750
    2    5
 -0.10587973  -0.00031656     0.00000000  -0.00000000     0.00000000  -0.00000000
  0.00000000  -0.00000000     0.00261719  -0.00059746     0.00000000  -0.00000000
  0.00000000  -0.00000000     0.00000000  -0.00000000    -0.12528210   0.00114750
    3    1
 -0.01522680   0.00982191     0.00000000  -0.00000000     0.00000000  -0.00000000
  0.00000000  -0.00000000    -0.01522680   0.00982191     0.00000000  -0.00000000
  0.00000000  -0.00000000     0.00000000  -0.00000000     0.02941551  -0.02296608
    3    2
 -0.04130066   0.00102635     0.00000000  -0.00000000     0.00000000  -0.00000000
  0.00000000  -0.00000000    -0.04130066   0.00102635     0.00000000  -0.00000000
  0.00000000  -0.00000000     0.00000000  -0.00000000    -0.69232752   0.00714645
    3    3
  0.04639846  -0.00000000     0.00000000  -0.00000000     0.00000000  -0.00000000
  0.00000000  -0.00000000     0.04639846  -0.00000000     0.00000000  -0.00000000
  0.00000000  -0.00000000     0.00000000  -0.00000000     0.70556065  -0.00000000
    3    4
  0.01584725  -0.00934992     0.00000000  -0.00000000     0.00000000  -0.00000000
  0.00000000  -0.00000000     0.00960963  -0.00669002     0.00000000  -0.00000000
  0.00000000  -0.00000000     0.00000000  -0.00000000     0.01104606  -0.00177935
    3    5
  0.00960963  -0.00669002     0.00000000  -0.00000000     0.00000000  -0.00000000
  0.00000000  -0.00000000     0.01584725  -0.00934992     0.00000000  -0.00000000
  0.00000000  -0.00000000     0.00000000  -0.00000000     0.01104606  -0.00177935
    4    1
 -0.00142378   0.00100998     0.00000000  -0.00000000     0.00000000  -0.00000000
  0.00000000  -0.00000000    -0.02352901  -0.00072491     0.00000000  -0.00000000
  0.00000000  -0.00000000     0.00000000  -0.00000000    -0.09411583  -0.00018692
    4    2
  0.00261719   0.00059746     0.00000000  -0.00000000     0.00000000  -0.00000000
  0.00000000  -0.00000000    -0.10587973   0.00031656     0.00000000  -0.00000000
  0.00000000  -0.00000000     0.00000000  -0.00000000    -0.12528210  -0.00114750
    4    3
  0.01584725   0.00934992     0.00000000  -0.00000000     0.00000000  -0.00000000
  0.00000000  -0.00000000     0.00960963   0.00669002     0.00000000  -0.00000000
  0.00000000  -0.00000000     0.00000000  -0.00000000     0.01104606   0.00177935
    4    4
  0.11626784  -0.00000000     0.00000000  -0.00000000     0.00000000  -0.00000000
  0.00000000  -0.00000000     0.24432916  -0.00000000     0.00000000  -0.00000000
  0.00000000  -0.00000000     0.00000000  -0.00000000     0.15842737  -0.00000000
    4    5
 -0.10351652  -0.00014056     0.00000000  -0.00000000     0.00000000  -0.00000000
  0.00000000  -0.00000000    -0.10351652   0.00014056     0.00000000  -0.00000000
  0.00000000  -0.00000000     0.00000000  -0.00000000     0.05667589  -0.00000000
    5    1
 -0.02352901  -0.00072491     0.00000000  -0.00000000     0.00000000  -0.00000000
  0.00000000  -0.00000000    -0.00142378   0.00100998     0.00000000  -0.00000000
  0.00000000  -0.00000000     0.00000000  -0.00000000    -0.09411583  -0.00018692
    5    2
 -0.10587973   0.00031656     0.00000000  -0.00000000     0.00000000  -0.00000000
  0.00000000  -0.00000000     0.00261719   0.00059746     0.00000000  -0.00000000
  0.00000000  -0.00000000     0.00000000  -0.00000000    -0.12528210  -0.00114750
    5    3
  0.00960963   0.00669002     0.00000000  -0.00000000     0.00000000  -0.00000000
  0.00000000  -0.00000000     0.01584725   0.00934992     0.00000000  -0.00000000
  0.00000000  -0.00000000     0.00000000  -0.00000000     0.01104606   0.00177935
    5    4
 -0.10351652   0.00014056     0.00000000  -0.00000000     0.00000000  -0.00000000
  0.00000000  -0.00000000    -0.10351652  -0.00014056     0.00000000  -0.00000000
  0.00000000  -0.00000000     0.00000000  -0.00000000     0.05667589  -0.00000000
    5    5
  0.24432916  -0.00000000     0.00000000  -0.00000000     0.00000000  -0.00000000
  0.00000000  -0.00000000     0.11626784  -0.00000000     0.00000000  -0.00000000
  0.00000000  -0.00000000     0.00000000  -0.00000000     0.15842737  -0.00000000

     Diagonalizing the dynamical matrix

     q = (    0.000000000   0.000000000   0.322447765 ) 

 **************************************************************************
     freq (    1) =       0.892298 [THz] =      29.763859 [cm-1]
 ( -0.113419  0.024628 -0.685252  0.220605  0.000000 -0.000000 ) 
 ( -0.055338  0.006631 -0.337597  0.074392 -0.000000  0.000000 ) 
 ( -0.075064  0.004380 -0.460725  0.072426 -0.000000  0.000000 ) 
 ( -0.031263 -0.007806 -0.280572  0.027212  0.000000  0.000000 ) 
 ( -0.045447 -0.000043 -0.197711 -0.029286 -0.000000  0.000000 ) 
     freq (    2) =       0.892298 [THz] =      29.763859 [cm-1]
 ( -0.718965  0.036424  0.114789 -0.017144  0.000000  0.000000 ) 
 ( -0.345363 -0.015188  0.055654 -0.002991  0.000000 -0.000000 ) 
 ( -0.463819 -0.048840  0.075189  0.000547  0.000000 -0.000000 ) 
 ( -0.183471 -0.079283  0.045346  0.003021  0.000000 -0.000000 ) 
 ( -0.278100 -0.046065  0.030685  0.009838  0.000000  0.000000 ) 
     freq (    3) =       2.712042 [THz] =      90.463987 [cm-1]
 ( -0.000000  0.000000  0.000000 -0.000000 -0.459971 -0.068616 ) 
 (  0.000000 -0.000000 -0.000000  0.000000 -0.438453  0.059199 ) 
 ( -0.000000 -0.000000  0.000000  0.000000 -0.405262  0.074838 ) 
 (  0.000000  0.000000 -0.000000  0.000000 -0.457239 -0.000000 ) 
 (  0.000000  0.000000 -0.000000  0.000000 -0.457239  0.000000 ) 
     freq (    4) =       3.874737 [THz] =     129.247324 [cm-1]
 (  0.079179 -0.071482 -0.114669 -0.000364 -0.000000 -0.000000 ) 
 ( -0.266836  0.129224  0.305716  0.090076 -0.000000  0.000000 ) 
 ( -0.120813  0.426276  0.404268 -0.251824  0.000000  0.000000 ) 
 ( -0.296005 -0.107304  0.195223  0.204564 -0.000000 -0.000000 ) 
 ( -0.262379 -0.018721  0.157942  0.299350 -0.000000  0.000000 ) 
     freq (    5) =       3.874737 [THz] =     129.247324 [cm-1]
 ( -0.102677  0.051055 -0.102632 -0.029078  0.000000  0.000000 ) 
 (  0.313669 -0.056457  0.251282  0.157347  0.000000 -0.000000 ) 
 (  0.248576 -0.406273  0.425294 -0.124225  0.000000 -0.000000 ) 
 (  0.275332  0.196846  0.123594  0.232203  0.000000 -0.000000 ) 
 (  0.266189  0.095403  0.066430  0.307767  0.000000  0.000000 ) 
     freq (    6) =       5.170910 [THz] =     172.482981 [cm-1]
 ( -0.006914 -0.032855 -0.040165  0.049808  0.000000  0.000000 ) 
 (  0.061690  0.120295  0.103215 -0.236064 -0.000000 -0.000000 ) 
 ( -0.292750  0.151274  0.576177  0.249802 -0.000000 -0.000000 ) 
 (  0.244795 -0.042006 -0.163384 -0.261740  0.000000  0.000000 ) 
 (  0.160604  0.020462 -0.357077 -0.310722 -0.000000  0.000000 ) 
     freq (    7) =       5.170910 [THz] =     172.482981 [cm-1]
 (  0.011469  0.062948 -0.021778  0.025553 -0.000000 -0.000000 ) 
 ( -0.111289 -0.232367  0.057507 -0.122350  0.000000  0.000000 ) 
 (  0.565547 -0.273015  0.298657  0.139249  0.000000  0.000000 ) 
 ( -0.468527  0.067338 -0.081965 -0.139622 -0.000000  0.000000 ) 
 ( -0.304901 -0.047304 -0.182864 -0.168077 -0.000000  0.000000 ) 
     freq (    8) =       5.795721 [THz] =     193.324448 [cm-1]
 ( -0.000000 -0.000000 -0.000000  0.000000 -0.323357 -0.162895 ) 
 (  0.000000  0.000000 -0.000000 -0.000000  0.590484  0.132880 ) 
 ( -0.000000  0.000000  0.000000  0.000000  0.619226  0.163060 ) 
 (  0.000000 -0.000000 -0.000000 -0.000000  0.215112  0.000000 ) 
 (  0.000000  0.000000 -0.000000 -0.000000  0.215112  0.000000 ) 
     freq (    9) =       8.576304 [THz] =     286.074695 [cm-1]
 ( -0.014831  0.001372 -0.007791  0.002255  0.000000 -0.000000 ) 
 ( -0.271206 -0.147456 -0.160181 -0.051043  0.000000  0.000000 ) 
 (  0.374136  0.328281  0.233783  0.137197 -0.000000  0.000000 ) 
 (  0.583738  0.231080  0.099663  0.010267 -0.000000  0.000000 ) 
 (  0.176176  0.052989  0.335916  0.063707  0.000000  0.000000 ) 
     freq (   10) =       8.576304 [THz] =     286.074695 [cm-1]
 (  0.007590 -0.002862 -0.012697  0.007786  0.000000 -0.000000 ) 
 (  0.163701  0.038279 -0.308451 -0.012405 -0.000000  0.000000 ) 
 ( -0.243855 -0.118373  0.480702  0.129118 -0.000000  0.000000 ) 
 ( -0.339887 -0.037074  0.181455 -0.030333 -0.000000  0.000000 ) 
 ( -0.100162 -0.002392  0.625760 -0.050712  0.000000  0.000000 ) 
     freq (   11) =       8.690283 [THz] =     289.876655 [cm-1]
 ( -0.000000  0.000000  0.000000 -0.000000 -0.000000 -0.000000 ) 
 ( -0.000000 -0.000000  0.000000  0.000000 -0.000000 -0.000000 ) 
 (  0.000000  0.000000 -0.000000 -0.000000 -0.000000  0.000000 ) 
 (  0.000000  0.000000 -0.000000  0.000000 -0.707107 -0.000000 ) 
 (  0.000000 -0.000000 -0.000000  0.000000  0.707107  0.000000 ) 
     freq (   12) =      13.715172 [THz] =     457.488908 [cm-1]
 ( -0.000000 -0.000000 -0.000000 -0.000000 -0.080609  0.004119 ) 
 ( -0.000000 -0.000000 -0.000000  0.000000 -0.168076 -0.001240 ) 
 (  0.000000 -0.000000  0.000000  0.000000 -0.284392 -0.005963 ) 
 ( -0.000000 -0.000000  0.000000 -0.000000  0.664951  0.000000 ) 
 (  0.000000 -0.000000 -0.000000 -0.000000  0.664951  0.000000 ) 
     freq (   13) =      15.265646 [THz] =     509.207141 [cm-1]
 ( -0.001945 -0.000081  0.007823  0.000088  0.000000  0.000000 ) 
 ( -0.030065 -0.000569  0.120838 -0.001386 -0.000000 -0.000000 ) 
 (  0.005770  0.001731 -0.023387 -0.006249  0.000000 -0.000000 ) 
 ( -0.110957 -0.001666 -0.852884  0.012288  0.000000 -0.000000 ) 
 (  0.212222  0.003393  0.445905 -0.006859  0.000000  0.000000 ) 
     freq (   14) =      15.265646 [THz] =     509.207141 [cm-1]
 ( -0.007821 -0.000191 -0.001947  0.000012  0.000000 -0.000000 ) 
 ( -0.120846 -0.000196 -0.030058  0.000865  0.000000  0.000000 ) 
 (  0.023303  0.006555  0.005846  0.001454  0.000000  0.000000 ) 
 ( -0.445956  0.001020  0.212143 -0.006728 -0.000000 -0.000000 ) 
 (  0.852972 -0.001120 -0.110910  0.003626 -0.000000  0.000000 ) 
     freq (   15) =      26.724034 [THz] =     891.417812 [cm-1]
 ( -0.000000 -0.000000 -0.000000 -0.000000  0.002903 -0.002751 ) 
 ( -0.000000 -0.000000 -0.000000  0.000000 -0.343460 -0.010824 ) 
 (  0.000000  0.000000  0.000000 -0.000000  0.932849  0.039692 ) 
 ( -0.000000 -0.000000  0.000000 -0.000000  0.071132  0.000000 ) 
 (  0.000000  0.000000 -0.000000  0.000000  0.071132  0.000000 ) 
 **************************************************************************
