Dynamical matrix file
default                                                                    
  3    5   0   7.2021431   0.0000000   0.0000000   0.0000000   0.0000000   0.0000000
Basis vectors
      1.004540000    0.000000000    0.000000000
      0.000000000    1.004540000    0.000000000
      0.000000000    0.000000000    1.240511000
           1  'Ti  '    43628.101584882053     
           2  'Sn  '    108197.54609942860     
           3  'O   '    14582.196445495396     
    1    2      0.0000000000      0.0000000000      1.1669813705
    2    1      0.5022700000      0.5022700000      0.6398993465
    3    3      0.5022700000      0.5022700000      0.1874332159
    4    3      0.5022700000      0.0000000000      0.7928383811
    5    3      0.0000000000      0.5022700000      0.7928383811

     Dynamical  Matrix in cartesian axes

     q = (    0.000000000   0.199096104   0.000000000 ) 

    1    1
  0.03441567   0.00000000     0.00000000   0.00000000     0.00000000   0.00000000
  0.00000000   0.00000000     0.17384607   0.00000000     0.00000000  -0.00241873
  0.00000000   0.00000000     0.00000000   0.00241873     0.15511435   0.00000000
    1    2
 -0.01814945   0.01318634     0.00000000   0.00000000     0.00000000   0.00000000
  0.00000000   0.00000000     0.08027997  -0.05832681    -0.00174914  -0.00240748
  0.00000000   0.00000000     0.02724744   0.03750288    -0.09887266   0.07183520
    1    3
  0.01020224  -0.00741236     0.00000000   0.00000000     0.00000000   0.00000000
  0.00000000   0.00000000    -0.02480754   0.01802374     0.01354448   0.01864237
  0.00000000   0.00000000     0.01134758   0.01561860     0.04270091  -0.03102403
    1    4
  0.00205223   0.00000000     0.00000000   0.00000000     0.00000000   0.00000000
  0.00000000   0.00000000    -0.14571514   0.00000000     0.00000000  -0.00907392
  0.00000000   0.00000000     0.00000000  -0.00938109    -0.04011695   0.00000000
    1    5
 -0.01686224   0.01225114     0.00000000   0.00000000     0.00000000   0.00000000
  0.00000000   0.00000000    -0.05685379   0.04130669     0.00702292   0.00966622
  0.00000000   0.00000000     0.00155160   0.00213559    -0.02580327   0.01874717
    2    1
 -0.01814945  -0.01318634     0.00000000   0.00000000     0.00000000   0.00000000
  0.00000000   0.00000000     0.08027997   0.05832681     0.02724744  -0.03750288
  0.00000000   0.00000000    -0.00174914   0.00240748    -0.09887266  -0.07183520
    2    2
  0.17239115   0.00000000     0.00000000   0.00000000     0.00000000   0.00000000
  0.00000000   0.00000000     0.43414200   0.00000000     0.00000000   0.02723811
  0.00000000   0.00000000     0.00000000  -0.02723811     0.73660479   0.00000000
    2    3
 -0.04049546   0.00000000     0.00000000   0.00000000     0.00000000   0.00000000
  0.00000000   0.00000000    -0.10617633   0.00000000     0.00000000  -0.02274254
  0.00000000   0.00000000     0.00000000  -0.00515439    -0.49232356   0.00000000
    2    4
 -0.00047065  -0.00034195     0.00000000   0.00000000     0.00000000   0.00000000
  0.00000000   0.00000000    -0.18910271  -0.13739116     0.00322742  -0.00444217
  0.00000000   0.00000000    -0.00059189   0.00081467    -0.03228237  -0.02345451
    2    5
 -0.10349675   0.00000000     0.00000000   0.00000000     0.00000000   0.00000000
  0.00000000   0.00000000    -0.11663457   0.00000000     0.00000000   0.02386586
  0.00000000   0.00000000     0.00000000  -0.00720584    -0.05911318   0.00000000
    3    1
  0.01020224   0.00741236     0.00000000   0.00000000     0.00000000   0.00000000
  0.00000000   0.00000000    -0.02480754  -0.01802374     0.01134758  -0.01561860
  0.00000000   0.00000000     0.01354448  -0.01864237     0.04270091   0.03102403
    3    2
 -0.04049546   0.00000000     0.00000000   0.00000000     0.00000000   0.00000000
  0.00000000   0.00000000    -0.10617633   0.00000000     0.00000000   0.00515439
  0.00000000   0.00000000     0.00000000   0.02274254    -0.49232356   0.00000000
    3    3
  0.05097266   0.00000000     0.00000000   0.00000000     0.00000000   0.00000000
  0.00000000   0.00000000     0.07268442   0.00000000     0.00000000  -0.00292654
  0.00000000   0.00000000     0.00000000   0.00292654     0.55222116   0.00000000
    3    4
 -0.00804295  -0.00584354     0.00000000   0.00000000     0.00000000   0.00000000
  0.00000000   0.00000000     0.03210109   0.02332281    -0.00258187   0.00355364
  0.00000000   0.00000000     0.03352550  -0.04614389    -0.03909839  -0.02840665
    3    5
 -0.01039576   0.00000000     0.00000000   0.00000000     0.00000000   0.00000000
  0.00000000   0.00000000     0.03117242   0.00000000     0.00000000   0.00832103
  0.00000000   0.00000000     0.00000000   0.00729888    -0.05110110   0.00000000
    4    1
  0.00205223   0.00000000     0.00000000   0.00000000     0.00000000   0.00000000
  0.00000000   0.00000000    -0.14571514   0.00000000     0.00000000   0.00938109
  0.00000000   0.00000000     0.00000000   0.00907392    -0.04011695   0.00000000
    4    2
 -0.00047065   0.00034195     0.00000000   0.00000000     0.00000000   0.00000000
  0.00000000   0.00000000    -0.18910271   0.13739116    -0.00059189  -0.00081467
  0.00000000   0.00000000     0.00322742   0.00444217    -0.03228237   0.02345451
    4    3
 -0.00804295   0.00584354     0.00000000   0.00000000     0.00000000   0.00000000
  0.00000000   0.00000000     0.03210109  -0.02332281     0.03352550   0.04614389
  0.00000000   0.00000000    -0.00258187  -0.00355364    -0.03909839   0.02840665
    4    4
  0.12676578   0.00000000     0.00000000   0.00000000     0.00000000   0.00000000
  0.00000000   0.00000000     0.41545344   0.00000000     0.00000000  -0.01708404
  0.00000000   0.00000000     0.00000000   0.01708404     0.11806096   0.00000000
    4    5
 -0.06786511   0.04930689     0.00000000   0.00000000     0.00000000   0.00000000
  0.00000000   0.00000000    -0.00585192   0.00425167    -0.01794985  -0.02470584
  0.00000000   0.00000000     0.00095865   0.00131947     0.01582520  -0.01149768
    5    1
 -0.01686224  -0.01225114     0.00000000   0.00000000     0.00000000   0.00000000
  0.00000000   0.00000000    -0.05685379  -0.04130669     0.00155160  -0.00213559
  0.00000000   0.00000000     0.00702292  -0.00966622    -0.02580327  -0.01874717
    5    2
 -0.10349675   0.00000000     0.00000000   0.00000000     0.00000000   0.00000000
  0.00000000   0.00000000    -0.11663457   0.00000000     0.00000000   0.00720584
  0.00000000   0.00000000     0.00000000  -0.02386586    -0.05911318   0.00000000
    5    3
 -0.01039576   0.00000000     0.00000000   0.00000000     0.00000000   0.00000000
  0.00000000   0.00000000     0.03117242   0.00000000     0.00000000  -0.00729888
  0.00000000   0.00000000     0.00000000  -0.00832103    -0.05110110   0.00000000
    5    4
 -0.06786511  -0.04930689     0.00000000   0.00000000     0.00000000   0.00000000
  0.00000000   0.00000000    -0.00585192  -0.00425167     0.00095865  -0.00131947
  0.00000000   0.00000000    -0.01794985   0.02470584     0.01582520   0.01149768
    5    5
  0.24867131   0.00000000     0.00000000   0.00000000     0.00000000   0.00000000
  0.00000000   0.00000000     0.17990257   0.00000000     0.00000000  -0.00486592
  0.00000000   0.00000000     0.00000000   0.00486592     0.11891000   0.00000000

     Dynamical  Matrix in cartesian axes

     q = (    0.199096104   0.000000000   0.000000000 ) 

    1    1
  0.17384607   0.00000000     0.00000000   0.00000000     0.00000000  -0.00241873
  0.00000000   0.00000000     0.03441567   0.00000000     0.00000000   0.00000000
  0.00000000   0.00241873     0.00000000   0.00000000     0.15511435   0.00000000
    1    2
  0.08027997  -0.05832681     0.00000000   0.00000000    -0.00174914  -0.00240748
  0.00000000   0.00000000    -0.01814945   0.01318634     0.00000000   0.00000000
  0.02724744   0.03750288     0.00000000   0.00000000    -0.09887266   0.07183520
    1    3
 -0.02480754   0.01802374     0.00000000   0.00000000     0.01354448   0.01864237
  0.00000000   0.00000000     0.01020224  -0.00741236     0.00000000   0.00000000
  0.01134758   0.01561860     0.00000000   0.00000000     0.04270091  -0.03102403
    1    4
 -0.05685379   0.04130669     0.00000000   0.00000000     0.00702292   0.00966622
  0.00000000   0.00000000    -0.01686224   0.01225114     0.00000000   0.00000000
  0.00155160   0.00213559     0.00000000   0.00000000    -0.02580327   0.01874717
    1    5
 -0.14571514   0.00000000     0.00000000   0.00000000     0.00000000  -0.00907392
  0.00000000   0.00000000     0.00205223   0.00000000     0.00000000   0.00000000
  0.00000000  -0.00938109     0.00000000   0.00000000    -0.04011695   0.00000000
    2    1
  0.08027997   0.05832681     0.00000000   0.00000000     0.02724744  -0.03750288
  0.00000000   0.00000000    -0.01814945  -0.01318634     0.00000000   0.00000000
 -0.00174914   0.00240748     0.00000000   0.00000000    -0.09887266  -0.07183520
    2    2
  0.43414200   0.00000000     0.00000000   0.00000000     0.00000000   0.02723811
  0.00000000   0.00000000     0.17239115   0.00000000     0.00000000   0.00000000
  0.00000000  -0.02723811     0.00000000   0.00000000     0.73660479   0.00000000
    2    3
 -0.10617633   0.00000000     0.00000000   0.00000000     0.00000000  -0.02274254
  0.00000000   0.00000000    -0.04049546   0.00000000     0.00000000   0.00000000
  0.00000000  -0.00515439     0.00000000   0.00000000    -0.49232356   0.00000000
    2    4
 -0.11663457   0.00000000     0.00000000   0.00000000     0.00000000   0.02386586
  0.00000000   0.00000000    -0.10349675   0.00000000     0.00000000   0.00000000
  0.00000000  -0.00720584     0.00000000   0.00000000    -0.05911318   0.00000000
    2    5
 -0.18910271  -0.13739116     0.00000000   0.00000000     0.00322742  -0.00444217
  0.00000000   0.00000000    -0.00047065  -0.00034195     0.00000000   0.00000000
 -0.00059189   0.00081467     0.00000000   0.00000000    -0.03228237  -0.02345451
    3    1
 -0.02480754  -0.01802374     0.00000000   0.00000000     0.01134758  -0.01561860
  0.00000000   0.00000000     0.01020224   0.00741236     0.00000000   0.00000000
  0.01354448  -0.01864237     0.00000000   0.00000000     0.04270091   0.03102403
    3    2
 -0.10617633   0.00000000     0.00000000   0.00000000     0.00000000   0.00515439
  0.00000000   0.00000000    -0.04049546   0.00000000     0.00000000   0.00000000
  0.00000000   0.02274254     0.00000000   0.00000000    -0.49232356   0.00000000
    3    3
  0.07268442   0.00000000     0.00000000   0.00000000     0.00000000  -0.00292654
  0.00000000   0.00000000     0.05097266   0.00000000     0.00000000   0.00000000
  0.00000000   0.00292654     0.00000000   0.00000000     0.55222116   0.00000000
    3    4
  0.03117242   0.00000000     0.00000000   0.00000000     0.00000000   0.00832103
  0.00000000   0.00000000    -0.01039576   0.00000000     0.00000000   0.00000000
  0.00000000   0.00729888     0.00000000   0.00000000    -0.05110110   0.00000000
    3    5
  0.03210109   0.02332281     0.00000000   0.00000000    -0.00258187   0.00355364
  0.00000000   0.00000000    -0.00804295  -0.00584354     0.00000000   0.00000000
  0.03352550  -0.04614389     0.00000000   0.00000000    -0.03909839  -0.02840665
    4    1
 -0.05685379  -0.04130669     0.00000000   0.00000000     0.00155160  -0.00213559
  0.00000000   0.00000000    -0.01686224  -0.01225114     0.00000000   0.00000000
  0.00702292  -0.00966622     0.00000000   0.00000000    -0.02580327  -0.01874717
    4    2
 -0.11663457   0.00000000     0.00000000   0.00000000     0.00000000   0.00720584
  0.00000000   0.00000000    -0.10349675   0.00000000     0.00000000   0.00000000
  0.00000000  -0.02386586     0.00000000   0.00000000    -0.05911318   0.00000000
    4    3
  0.03117242   0.00000000     0.00000000   0.00000000     0.00000000  -0.00729888
  0.00000000   0.00000000    -0.01039576   0.00000000     0.00000000   0.00000000
  0.00000000  -0.00832103     0.00000000   0.00000000    -0.05110110   0.00000000
    4    4
  0.17990257   0.00000000     0.00000000   0.00000000     0.00000000  -0.00486592
  0.00000000   0.00000000     0.24867131   0.00000000     0.00000000   0.00000000
  0.00000000   0.00486592     0.00000000   0.00000000     0.11891000   0.00000000
    4    5
 -0.00585192  -0.00425167     0.00000000   0.00000000     0.00095865  -0.00131947
  0.00000000   0.00000000    -0.06786511  -0.04930689     0.00000000   0.00000000
 -0.01794985   0.02470584     0.00000000   0.00000000     0.01582520   0.01149768
    5    1
 -0.14571514   0.00000000     0.00000000   0.00000000     0.00000000   0.00938109
  0.00000000   0.00000000     0.00205223   0.00000000     0.00000000   0.00000000
  0.00000000   0.00907392     0.00000000   0.00000000    -0.04011695   0.00000000
    5    2
 -0.18910271   0.13739116     0.00000000   0.00000000    -0.00059189  -0.00081467
  0.00000000   0.00000000    -0.00047065   0.00034195     0.00000000   0.00000000
  0.00322742   0.00444217     0.00000000   0.00000000    -0.03228237   0.02345451
    5    3
  0.03210109  -0.02332281     0.00000000   0.00000000     0.03352550   0.04614389
  0.00000000   0.00000000    -0.00804295   0.00584354     0.00000000   0.00000000
 -0.00258187  -0.00355364     0.00000000   0.00000000    -0.03909839   0.02840665
    5    4
 -0.00585192   0.00425167     0.00000000   0.00000000    -0.01794985  -0.02470584
  0.00000000   0.00000000    -0.06786511   0.04930689     0.00000000   0.00000000
  0.00095865   0.00131947     0.00000000   0.00000000     0.01582520  -0.01149768
    5    5
  0.41545344   0.00000000     0.00000000   0.00000000     0.00000000  -0.01708404
  0.00000000   0.00000000     0.12676578   0.00000000     0.00000000   0.00000000
  0.00000000   0.01708404     0.00000000   0.00000000     0.11806096   0.00000000

     Dynamical  Matrix in cartesian axes

     q = (   -0.199096104   0.000000000   0.000000000 ) 

    1    1
  0.17384607   0.00000000     0.00000000   0.00000000     0.00000000   0.00241873
  0.00000000   0.00000000     0.03441567   0.00000000     0.00000000   0.00000000
  0.00000000  -0.00241873     0.00000000   0.00000000     0.15511435   0.00000000
    1    2
  0.08027997   0.05832681     0.00000000   0.00000000    -0.00174914   0.00240748
  0.00000000   0.00000000    -0.01814945  -0.01318634     0.00000000   0.00000000
  0.02724744  -0.03750288     0.00000000   0.00000000    -0.09887266  -0.07183520
    1    3
 -0.02480754  -0.01802374     0.00000000   0.00000000     0.01354448  -0.01864237
  0.00000000   0.00000000     0.01020224   0.00741236     0.00000000   0.00000000
  0.01134758  -0.01561860     0.00000000   0.00000000     0.04270091   0.03102403
    1    4
 -0.05685379  -0.04130669     0.00000000   0.00000000     0.00702292  -0.00966622
  0.00000000   0.00000000    -0.01686224  -0.01225114     0.00000000   0.00000000
  0.00155160  -0.00213559     0.00000000   0.00000000    -0.02580327  -0.01874717
    1    5
 -0.14571514   0.00000000     0.00000000   0.00000000     0.00000000   0.00907392
  0.00000000   0.00000000     0.00205223   0.00000000     0.00000000   0.00000000
  0.00000000   0.00938109     0.00000000   0.00000000    -0.04011695   0.00000000
    2    1
  0.08027997  -0.05832681     0.00000000   0.00000000     0.02724744   0.03750288
  0.00000000   0.00000000    -0.01814945   0.01318634     0.00000000   0.00000000
 -0.00174914  -0.00240748     0.00000000   0.00000000    -0.09887266   0.07183520
    2    2
  0.43414200   0.00000000     0.00000000   0.00000000     0.00000000  -0.02723811
  0.00000000   0.00000000     0.17239115   0.00000000     0.00000000   0.00000000
  0.00000000   0.02723811     0.00000000   0.00000000     0.73660479   0.00000000
    2    3
 -0.10617633   0.00000000     0.00000000   0.00000000     0.00000000   0.02274254
  0.00000000   0.00000000    -0.04049546   0.00000000     0.00000000   0.00000000
  0.00000000   0.00515439     0.00000000   0.00000000    -0.49232356   0.00000000
    2    4
 -0.11663457   0.00000000     0.00000000   0.00000000     0.00000000  -0.02386586
  0.00000000   0.00000000    -0.10349675   0.00000000     0.00000000   0.00000000
  0.00000000   0.00720584     0.00000000   0.00000000    -0.05911318   0.00000000
    2    5
 -0.18910271   0.13739116     0.00000000   0.00000000     0.00322742   0.00444217
  0.00000000   0.00000000    -0.00047065   0.00034195     0.00000000   0.00000000
 -0.00059189  -0.00081467     0.00000000   0.00000000    -0.03228237   0.02345451
    3    1
 -0.02480754   0.01802374     0.00000000   0.00000000     0.01134758   0.01561860
  0.00000000   0.00000000     0.01020224  -0.00741236     0.00000000   0.00000000
  0.01354448   0.01864237     0.00000000   0.00000000     0.04270091  -0.03102403
    3    2
 -0.10617633   0.00000000     0.00000000   0.00000000     0.00000000  -0.00515439
  0.00000000   0.00000000    -0.04049546   0.00000000     0.00000000   0.00000000
  0.00000000  -0.02274254     0.00000000   0.00000000    -0.49232356   0.00000000
    3    3
  0.07268442   0.00000000     0.00000000   0.00000000     0.00000000   0.00292654
  0.00000000   0.00000000     0.05097266   0.00000000     0.00000000   0.00000000
  0.00000000  -0.00292654     0.00000000   0.00000000     0.55222116   0.00000000
    3    4
  0.03117242   0.00000000     0.00000000   0.00000000     0.00000000  -0.00832103
  0.00000000   0.00000000    -0.01039576   0.00000000     0.00000000   0.00000000
  0.00000000  -0.00729888     0.00000000   0.00000000    -0.05110110   0.00000000
    3    5
  0.03210109  -0.02332281     0.00000000   0.00000000    -0.00258187  -0.00355364
  0.00000000   0.00000000    -0.00804295   0.00584354     0.00000000   0.00000000
  0.03352550   0.04614389     0.00000000   0.00000000    -0.03909839   0.02840665
    4    1
 -0.05685379   0.04130669     0.00000000   0.00000000     0.00155160   0.00213559
  0.00000000   0.00000000    -0.01686224   0.01225114     0.00000000   0.00000000
  0.00702292   0.00966622     0.00000000   0.00000000    -0.02580327   0.01874717
    4    2
 -0.11663457   0.00000000     0.00000000   0.00000000     0.00000000  -0.00720584
  0.00000000   0.00000000    -0.10349675   0.00000000     0.00000000   0.00000000
  0.00000000   0.02386586     0.00000000   0.00000000    -0.05911318   0.00000000
    4    3
  0.03117242   0.00000000     0.00000000   0.00000000     0.00000000   0.00729888
  0.00000000   0.00000000    -0.01039576   0.00000000     0.00000000   0.00000000
  0.00000000   0.00832103     0.00000000   0.00000000    -0.05110110   0.00000000
    4    4
  0.17990257   0.00000000     0.00000000   0.00000000     0.00000000   0.00486592
  0.00000000   0.00000000     0.24867131   0.00000000     0.00000000   0.00000000
  0.00000000  -0.00486592     0.00000000   0.00000000     0.11891000   0.00000000
    4    5
 -0.00585192   0.00425167     0.00000000   0.00000000     0.00095865   0.00131947
  0.00000000   0.00000000    -0.06786511   0.04930689     0.00000000   0.00000000
 -0.01794985  -0.02470584     0.00000000   0.00000000     0.01582520  -0.01149768
    5    1
 -0.14571514   0.00000000     0.00000000   0.00000000     0.00000000  -0.00938109
  0.00000000   0.00000000     0.00205223   0.00000000     0.00000000   0.00000000
  0.00000000  -0.00907392     0.00000000   0.00000000    -0.04011695   0.00000000
    5    2
 -0.18910271  -0.13739116     0.00000000   0.00000000    -0.00059189   0.00081467
  0.00000000   0.00000000    -0.00047065  -0.00034195     0.00000000   0.00000000
  0.00322742  -0.00444217     0.00000000   0.00000000    -0.03228237  -0.02345451
    5    3
  0.03210109   0.02332281     0.00000000   0.00000000     0.03352550  -0.04614389
  0.00000000   0.00000000    -0.00804295  -0.00584354     0.00000000   0.00000000
 -0.00258187   0.00355364     0.00000000   0.00000000    -0.03909839  -0.02840665
    5    4
 -0.00585192  -0.00425167     0.00000000   0.00000000    -0.01794985   0.02470584
  0.00000000   0.00000000    -0.06786511  -0.04930689     0.00000000   0.00000000
  0.00095865  -0.00131947     0.00000000   0.00000000     0.01582520   0.01149768
    5    5
  0.41545344   0.00000000     0.00000000   0.00000000     0.00000000   0.01708404
  0.00000000   0.00000000     0.12676578   0.00000000     0.00000000   0.00000000
  0.00000000  -0.01708404     0.00000000   0.00000000     0.11806096   0.00000000

     Dynamical  Matrix in cartesian axes

     q = (    0.000000000  -0.199096104   0.000000000 ) 

    1    1
  0.03441567   0.00000000     0.00000000   0.00000000     0.00000000   0.00000000
  0.00000000   0.00000000     0.17384607   0.00000000     0.00000000   0.00241873
  0.00000000   0.00000000     0.00000000  -0.00241873     0.15511435   0.00000000
    1    2
 -0.01814945  -0.01318634     0.00000000   0.00000000     0.00000000   0.00000000
  0.00000000   0.00000000     0.08027997   0.05832681    -0.00174914   0.00240748
  0.00000000   0.00000000     0.02724744  -0.03750288    -0.09887266  -0.07183520
    1    3
  0.01020224   0.00741236     0.00000000   0.00000000     0.00000000   0.00000000
  0.00000000   0.00000000    -0.02480754  -0.01802374     0.01354448  -0.01864237
  0.00000000   0.00000000     0.01134758  -0.01561860     0.04270091   0.03102403
    1    4
  0.00205223   0.00000000     0.00000000   0.00000000     0.00000000   0.00000000
  0.00000000   0.00000000    -0.14571514   0.00000000     0.00000000   0.00907392
  0.00000000   0.00000000     0.00000000   0.00938109    -0.04011695   0.00000000
    1    5
 -0.01686224  -0.01225114     0.00000000   0.00000000     0.00000000   0.00000000
  0.00000000   0.00000000    -0.05685379  -0.04130669     0.00702292  -0.00966622
  0.00000000   0.00000000     0.00155160  -0.00213559    -0.02580327  -0.01874717
    2    1
 -0.01814945   0.01318634     0.00000000   0.00000000     0.00000000   0.00000000
  0.00000000   0.00000000     0.08027997  -0.05832681     0.02724744   0.03750288
  0.00000000   0.00000000    -0.00174914  -0.00240748    -0.09887266   0.07183520
    2    2
  0.17239115   0.00000000     0.00000000   0.00000000     0.00000000   0.00000000
  0.00000000   0.00000000     0.43414200   0.00000000     0.00000000  -0.02723811
  0.00000000   0.00000000     0.00000000   0.02723811     0.73660479   0.00000000
    2    3
 -0.04049546   0.00000000     0.00000000   0.00000000     0.00000000   0.00000000
  0.00000000   0.00000000    -0.10617633   0.00000000     0.00000000   0.02274254
  0.00000000   0.00000000     0.00000000   0.00515439    -0.49232356   0.00000000
    2    4
 -0.00047065   0.00034195     0.00000000   0.00000000     0.00000000   0.00000000
  0.00000000   0.00000000    -0.18910271   0.13739116     0.00322742   0.00444217
  0.00000000   0.00000000    -0.00059189  -0.00081467    -0.03228237   0.02345451
    2    5
 -0.10349675   0.00000000     0.00000000   0.00000000     0.00000000   0.00000000
  0.00000000   0.00000000    -0.11663457   0.00000000     0.00000000  -0.02386586
  0.00000000   0.00000000     0.00000000   0.00720584    -0.05911318   0.00000000
    3    1
  0.01020224  -0.00741236     0.00000000   0.00000000     0.00000000   0.00000000
  0.00000000   0.00000000    -0.02480754   0.01802374     0.01134758   0.01561860
  0.00000000   0.00000000     0.01354448   0.01864237     0.04270091  -0.03102403
    3    2
 -0.04049546   0.00000000     0.00000000   0.00000000     0.00000000   0.00000000
  0.00000000   0.00000000    -0.10617633   0.00000000     0.00000000  -0.00515439
  0.00000000   0.00000000     0.00000000  -0.02274254    -0.49232356   0.00000000
    3    3
  0.05097266   0.00000000     0.00000000   0.00000000     0.00000000   0.00000000
  0.00000000   0.00000000     0.07268442   0.00000000     0.00000000   0.00292654
  0.00000000   0.00000000     0.00000000  -0.00292654     0.55222116   0.00000000
    3    4
 -0.00804295   0.00584354     0.00000000   0.00000000     0.00000000   0.00000000
  0.00000000   0.00000000     0.03210109  -0.02332281    -0.00258187  -0.00355364
  0.00000000   0.00000000     0.03352550   0.04614389    -0.03909839   0.02840665
    3    5
 -0.01039576   0.00000000     0.00000000   0.00000000     0.00000000   0.00000000
  0.00000000   0.00000000     0.03117242   0.00000000     0.00000000  -0.00832103
  0.00000000   0.00000000     0.00000000  -0.00729888    -0.05110110   0.00000000
    4    1
  0.00205223   0.00000000     0.00000000   0.00000000     0.00000000   0.00000000
  0.00000000   0.00000000    -0.14571514   0.00000000     0.00000000  -0.00938109
  0.00000000   0.00000000     0.00000000  -0.00907392    -0.04011695   0.00000000
    4    2
 -0.00047065  -0.00034195     0.00000000   0.00000000     0.00000000   0.00000000
  0.00000000   0.00000000    -0.18910271  -0.13739116    -0.00059189   0.00081467
  0.00000000   0.00000000     0.00322742  -0.00444217    -0.03228237  -0.02345451
    4    3
 -0.00804295  -0.00584354     0.00000000   0.00000000     0.00000000   0.00000000
  0.00000000   0.00000000     0.03210109   0.02332281     0.03352550  -0.04614389
  0.00000000   0.00000000    -0.00258187   0.00355364    -0.03909839  -0.02840665
    4    4
  0.12676578   0.00000000     0.00000000   0.00000000     0.00000000   0.00000000
  0.00000000   0.00000000     0.41545344   0.00000000     0.00000000   0.01708404
  0.00000000   0.00000000     0.00000000  -0.01708404     0.11806096   0.00000000
    4    5
 -0.06786511  -0.04930689     0.00000000   0.00000000     0.00000000   0.00000000
  0.00000000   0.00000000    -0.00585192  -0.00425167    -0.01794985   0.02470584
  0.00000000   0.00000000     0.00095865  -0.00131947     0.01582520   0.01149768
    5    1
 -0.01686224   0.01225114     0.00000000   0.00000000     0.00000000   0.00000000
  0.00000000   0.00000000    -0.05685379   0.04130669     0.00155160   0.00213559
  0.00000000   0.00000000     0.00702292   0.00966622    -0.02580327   0.01874717
    5    2
 -0.10349675   0.00000000     0.00000000   0.00000000     0.00000000   0.00000000
  0.00000000   0.00000000    -0.11663457   0.00000000     0.00000000  -0.00720584
  0.00000000   0.00000000     0.00000000   0.02386586    -0.05911318   0.00000000
    5    3
 -0.01039576   0.00000000     0.00000000   0.00000000     0.00000000   0.00000000
  0.00000000   0.00000000     0.03117242   0.00000000     0.00000000   0.00729888
  0.00000000   0.00000000     0.00000000   0.00832103    -0.05110110   0.00000000
    5    4
 -0.06786511   0.04930689     0.00000000   0.00000000     0.00000000   0.00000000
  0.00000000   0.00000000    -0.00585192   0.00425167     0.00095865   0.00131947
  0.00000000   0.00000000    -0.01794985  -0.02470584     0.01582520  -0.01149768
    5    5
  0.24867131   0.00000000     0.00000000   0.00000000     0.00000000   0.00000000
  0.00000000   0.00000000     0.17990257   0.00000000     0.00000000   0.00486592
  0.00000000   0.00000000     0.00000000  -0.00486592     0.11891000   0.00000000

     Diagonalizing the dynamical matrix

     q = (    0.000000000   0.199096104   0.000000000 ) 

 **************************************************************************
     freq (    1) =       1.456442 [THz] =      48.581691 [cm-1]
 (  0.152942 -0.838720 -0.000000 -0.000000  0.000000 -0.000000 ) 
 (  0.249191 -0.237846 -0.000000  0.000000  0.000000 -0.000000 ) 
 (  0.123599 -0.117972 -0.000000  0.000000  0.000000 -0.000000 ) 
 (  0.035747 -0.196034 -0.000000 -0.000000  0.000000 -0.000000 ) 
 (  0.211630 -0.201995  0.000000 -0.000000  0.000000  0.000000 ) 
     freq (    2) =       1.518967 [THz] =      50.667299 [cm-1]
 (  0.000000 -0.000000  0.058434  0.080427 -0.403929  0.293471 ) 
 (  0.000000 -0.000000 -0.000000 -0.074365 -0.421328 -0.000000 ) 
 (  0.000000 -0.000000 -0.000000 -0.123415 -0.417788 -0.000000 ) 
 (  0.000000 -0.000000  0.013329  0.018346 -0.329732  0.239564 ) 
 (  0.000000 -0.000000 -0.000000 -0.010493 -0.448631  0.000000 ) 
     freq (    3) =       2.371107 [THz] =      79.091615 [cm-1]
 ( -0.000000  0.000000 -0.341766 -0.470401 -0.122718  0.089160 ) 
 (  0.000000 -0.000000 -0.000000 -0.312414  0.114371  0.000000 ) 
 (  0.000000 -0.000000 -0.000000 -0.441905  0.167866  0.000000 ) 
 (  0.000000 -0.000000 -0.212672 -0.292718 -0.060579  0.044013 ) 
 (  0.000000 -0.000000 -0.000000 -0.380168  0.154011  0.000000 ) 
     freq (    4) =       3.144372 [THz] =     104.884970 [cm-1]
 ( -0.032130 -0.118913 -0.000000  0.000000  0.000000  0.000000 ) 
 ( -0.168918  0.442823 -0.000000 -0.000000  0.000000  0.000000 ) 
 ( -0.260881  0.683906 -0.000000 -0.000000  0.000000 -0.000000 ) 
 (  0.084569  0.312987 -0.000000  0.000000  0.000000  0.000000 ) 
 ( -0.123104  0.322721 -0.000000 -0.000000  0.000000  0.000000 ) 
     freq (    5) =       4.423917 [THz] =     147.565982 [cm-1]
 ( -0.000000  0.000000 -0.128826 -0.177314  0.065311 -0.047452 ) 
 (  0.000000  0.000000  0.000000  0.358327 -0.240746  0.000000 ) 
 (  0.000000  0.000000 -0.000000  0.737920 -0.258534  0.000000 ) 
 (  0.000000 -0.000000  0.034968  0.048129 -0.126369  0.091813 ) 
 (  0.000000 -0.000000 -0.000000  0.012646 -0.345871  0.000000 ) 
     freq (    6) =       6.209573 [THz] =     207.129067 [cm-1]
 ( -0.000000  0.000000 -0.005170 -0.007116 -0.228782  0.166220 ) 
 (  0.000000 -0.000000  0.000000  0.280479  0.360083 -0.000000 ) 
 ( -0.000000 -0.000000 -0.000000  0.522885  0.453851 -0.000000 ) 
 (  0.000000 -0.000000  0.059904  0.082451  0.238714 -0.173436 ) 
 (  0.000000  0.000000  0.000000  0.145568  0.337036  0.000000 ) 
     freq (    7) =       7.282248 [THz] =     242.909648 [cm-1]
 ( -0.034745  0.031048  0.000000  0.000000  0.000000 -0.000000 ) 
 (  0.332582 -0.033686  0.000000 -0.000000  0.000000  0.000000 ) 
 ( -0.890155  0.090162 -0.000000  0.000000  0.000000  0.000000 ) 
 (  0.138977 -0.124188 -0.000000 -0.000000 -0.000000  0.000000 ) 
 (  0.224330 -0.022722  0.000000 -0.000000 -0.000000  0.000000 ) 
     freq (    8) =       7.502186 [THz] =     250.245978 [cm-1]
 ( -0.000000  0.000000 -0.045343 -0.062409 -0.003779  0.002745 ) 
 (  0.000000 -0.000000  0.000000  0.324533 -0.055658 -0.000000 ) 
 ( -0.000000  0.000000  0.000000 -0.693768 -0.053413 -0.000000 ) 
 (  0.000000 -0.000000  0.177792  0.244710  0.074617 -0.054212 ) 
 (  0.000000 -0.000000  0.000000  0.544991  0.066520  0.000000 ) 
     freq (    9) =       8.521100 [THz] =     284.233302 [cm-1]
 (  0.001204  0.000246 -0.000000  0.000000  0.000000 -0.000000 ) 
 ( -0.181201 -0.198214  0.000000 -0.000000  0.000000 -0.000000 ) 
 ( -0.020963 -0.022931 -0.000000  0.000000  0.000000 -0.000000 ) 
 (  0.889948  0.182154 -0.000000 -0.000000  0.000000 -0.000000 ) 
 (  0.215195  0.235400  0.000000 -0.000000 -0.000000  0.000000 ) 
     freq (   10) =       8.602484 [THz] =     286.947971 [cm-1]
 (  0.000000 -0.000000  0.004463  0.006142  0.010990 -0.007984 ) 
 ( -0.000000 -0.000000 -0.000000  0.030538 -0.021249  0.000000 ) 
 ( -0.000000 -0.000000  0.000000  0.066729 -0.035741  0.000000 ) 
 (  0.000000  0.000000  0.027396  0.037707 -0.610601  0.443628 ) 
 (  0.000000  0.000000 -0.000000  0.052319  0.646602  0.000000 ) 
     freq (   11) =      11.519294 [THz] =     384.242290 [cm-1]
 ( -0.000000 -0.000000  0.005094  0.007012  0.013711 -0.009961 ) 
 ( -0.000000 -0.000000 -0.000000  0.022817  0.294317 -0.000000 ) 
 (  0.000000  0.000000  0.000000 -0.076858  0.246390 -0.000000 ) 
 ( -0.000000  0.000000 -0.080594 -0.110929 -0.475155  0.345220 ) 
 (  0.000000  0.000000  0.000000  0.240756 -0.651280  0.000000 ) 
     freq (   12) =      12.969010 [THz] =     432.599614 [cm-1]
 (  0.000000 -0.000000 -0.018469 -0.025420  0.000738 -0.000536 ) 
 (  0.000000  0.000000 -0.000000 -0.241645 -0.081051 -0.000000 ) 
 (  0.000000  0.000000  0.000000  0.272233 -0.028055 -0.000000 ) 
 (  0.000000 -0.000000 -0.184308 -0.253678  0.097998 -0.071199 ) 
 ( -0.000000 -0.000000  0.000000  0.858714  0.093637  0.000000 ) 
     freq (   13) =      15.001528 [THz] =     500.397127 [cm-1]
 (  0.006515 -0.003825 -0.000000 -0.000000 -0.000000 -0.000000 ) 
 (  0.125034  0.012216 -0.000000  0.000000  0.000000  0.000000 ) 
 (  0.000361  0.000035 -0.000000 -0.000000  0.000000  0.000000 ) 
 (  0.367074 -0.215531  0.000000  0.000000 -0.000000  0.000000 ) 
 ( -0.891836 -0.087136 -0.000000 -0.000000 -0.000000  0.000000 ) 
     freq (   14) =      18.976116 [THz] =     632.975107 [cm-1]
 (  0.000000 -0.000000  0.030213  0.041585  0.000015 -0.000011 ) 
 (  0.000000 -0.000000  0.000000  0.242773 -0.105459  0.000000 ) 
 (  0.000000 -0.000000 -0.000000 -0.163681  0.151386 -0.000000 ) 
 (  0.000000  0.000000 -0.544113 -0.748907  0.026718 -0.019412 ) 
 ( -0.000000 -0.000000  0.000000 -0.107094  0.090047  0.000000 ) 
     freq (   15) =      23.400553 [THz] =     780.558428 [cm-1]
 (  0.000000 -0.000000  0.001433  0.001973 -0.014379  0.010447 ) 
 (  0.000000  0.000000 -0.000000  0.045605  0.307256 -0.000000 ) 
 (  0.000000  0.000000  0.000000 -0.011409 -0.922835  0.000000 ) 
 (  0.000000 -0.000000 -0.123184 -0.169549  0.048958 -0.035570 ) 
 ( -0.000000  0.000000  0.000000  0.007650  0.061614  0.000000 ) 
 **************************************************************************
