Dynamical matrix file
default                                                                    
  3    5   0   7.2021431   0.0000000   0.0000000   0.0000000   0.0000000   0.0000000
Basis vectors
      1.004540000    0.000000000    0.000000000
      0.000000000    1.004540000    0.000000000
      0.000000000    0.000000000    1.240511000
           1  'Ti  '    43628.101584882053     
           2  'Sn  '    108197.54609942860     
           3  'O   '    14582.196445495396     
    1    2      0.0000000000      0.0000000000      1.1669813705
    2    1      0.5022700000      0.5022700000      0.6398993465
    3    3      0.5022700000      0.5022700000      0.1874332159
    4    3      0.5022700000      0.0000000000      0.7928383811
    5    3      0.0000000000      0.5022700000      0.7928383811

     Dynamical  Matrix in cartesian axes

     q = (    0.000000000   0.199096104   0.161223883 ) 

    1    1
  0.03438502   0.00000000     0.00000000   0.00000000     0.00000000   0.00000000
  0.00000000   0.00000000     0.12516422   0.00000000     0.03328725  -0.00606380
  0.00000000   0.00000000     0.03328725   0.00606380     0.18567460   0.00000000
    1    2
 -0.01809690   0.00680632     0.00000000   0.00000000     0.00000000   0.00000000
  0.00000000   0.00000000     0.04425068  -0.01384906     0.10696156  -0.00255485
  0.00000000   0.00000000     0.08996595   0.02913937    -0.07119259  -0.00608843
    1    3
  0.01021394   0.00840902     0.00000000   0.00000000     0.00000000   0.00000000
  0.00000000   0.00000000    -0.00868748  -0.00548287    -0.07176999   0.01203929
  0.00000000   0.00000000    -0.02369528   0.00592749     0.01932278  -0.00309128
    1    4
  0.00060988   0.00207247     0.00000000   0.00000000     0.00000000   0.00000000
  0.00000000   0.00000000    -0.08803620  -0.02863648    -0.02003799  -0.00940298
  0.00000000   0.00000000    -0.04087984  -0.03393483    -0.05990188   0.00277962
    1    5
 -0.01691991   0.01089465     0.00000000   0.00000000     0.00000000   0.00000000
  0.00000000   0.00000000    -0.03115765   0.02226051    -0.02147344   0.01184018
  0.00000000   0.00000000    -0.02256083   0.01284374    -0.03634014   0.04061536
    2    1
 -0.01809690  -0.00680632     0.00000000   0.00000000     0.00000000   0.00000000
  0.00000000   0.00000000     0.04425068   0.01384906     0.08996595  -0.02913937
  0.00000000   0.00000000     0.10696156   0.00255485    -0.07119259   0.00608843
    2    2
  0.17242923   0.00000000     0.00000000   0.00000000     0.00000000   0.00000000
  0.00000000   0.00000000     0.36847506   0.00000000     0.06682860   0.05378936
  0.00000000   0.00000000     0.06682860  -0.05378936     0.81071617   0.00000000
    2    3
 -0.04015155  -0.00054682     0.00000000   0.00000000     0.00000000   0.00000000
  0.00000000   0.00000000    -0.06398992  -0.03205006    -0.05595305  -0.05517066
  0.00000000   0.00000000    -0.02025091  -0.01978595    -0.56131912   0.02466074
    2    4
 -0.00050971   0.00134882     0.00000000   0.00000000     0.00000000   0.00000000
  0.00000000   0.00000000    -0.13978114  -0.10888568    -0.02586315  -0.01316807
  0.00000000   0.00000000    -0.05594459  -0.02170868    -0.04950290  -0.06459403
    2    5
 -0.10306555   0.00051245     0.00000000   0.00000000     0.00000000   0.00000000
  0.00000000   0.00000000    -0.07361229   0.01283377    -0.02261899   0.01861970
  0.00000000   0.00000000    -0.04666838   0.02405970    -0.08518247  -0.00520947
    3    1
  0.01021394  -0.00840902     0.00000000   0.00000000     0.00000000   0.00000000
  0.00000000   0.00000000    -0.00868748   0.00548287    -0.02369528  -0.00592749
  0.00000000   0.00000000    -0.07176999  -0.01203929     0.01932278   0.00309128
    3    2
 -0.04015155   0.00054682     0.00000000   0.00000000     0.00000000   0.00000000
  0.00000000   0.00000000    -0.06398992   0.03205006    -0.02025091   0.01978595
  0.00000000   0.00000000    -0.05595305   0.05517066    -0.56131912  -0.02466074
    3    3
  0.05059683   0.00000000     0.00000000   0.00000000     0.00000000   0.00000000
  0.00000000   0.00000000     0.06356308   0.00000000     0.02062558  -0.01442904
  0.00000000   0.00000000     0.02062558   0.01442904     0.60091576   0.00000000
    3    4
 -0.00803516   0.00823197     0.00000000   0.00000000     0.00000000   0.00000000
  0.00000000   0.00000000     0.01953308  -0.00133789     0.02996690  -0.00138859
  0.00000000   0.00000000     0.09474415  -0.03665733    -0.02465035   0.01154288
    3    5
 -0.00240863   0.01100401     0.00000000   0.00000000     0.00000000   0.00000000
  0.00000000   0.00000000     0.00820402  -0.01315763     0.01583390  -0.00440999
  0.00000000   0.00000000     0.03622878  -0.02185845    -0.02637399   0.01098558
    4    1
  0.00060988  -0.00207247     0.00000000   0.00000000     0.00000000   0.00000000
  0.00000000   0.00000000    -0.08803620   0.02863648    -0.04087984   0.03393483
  0.00000000   0.00000000    -0.02003799   0.00940298    -0.05990188  -0.00277962
    4    2
 -0.00050971  -0.00134882     0.00000000   0.00000000     0.00000000   0.00000000
  0.00000000   0.00000000    -0.13978114   0.10888568    -0.05594459   0.02170868
  0.00000000   0.00000000    -0.02586315   0.01316807    -0.04950290   0.06459403
    4    3
 -0.00803516  -0.00823197     0.00000000   0.00000000     0.00000000   0.00000000
  0.00000000   0.00000000     0.01953308   0.00133789     0.09474415   0.03665733
  0.00000000   0.00000000     0.02996690   0.00138859    -0.02465035  -0.01154288
    4    4
  0.12671475   0.00000000     0.00000000   0.00000000     0.00000000   0.00000000
  0.00000000   0.00000000     0.36541006   0.00000000     0.02472691  -0.02892103
  0.00000000   0.00000000     0.02472691   0.02892103     0.13137096   0.00000000
    4    5
 -0.06759036   0.04933877     0.00000000   0.00000000     0.00000000   0.00000000
  0.00000000   0.00000000    -0.04364532   0.01469145    -0.00145405  -0.03437882
  0.00000000   0.00000000     0.01445768  -0.00756536     0.02258848  -0.02317924
    5    1
 -0.01691991  -0.01089465     0.00000000   0.00000000     0.00000000   0.00000000
  0.00000000   0.00000000    -0.03115765  -0.02226051    -0.02256083  -0.01284374
  0.00000000   0.00000000    -0.02147344  -0.01184018    -0.03634014  -0.04061536
    5    2
 -0.10306555  -0.00051245     0.00000000   0.00000000     0.00000000   0.00000000
  0.00000000   0.00000000    -0.07361229  -0.01283377    -0.04666838  -0.02405970
  0.00000000   0.00000000    -0.02261899  -0.01861970    -0.08518247   0.00520947
    5    3
 -0.00240863  -0.01100401     0.00000000   0.00000000     0.00000000   0.00000000
  0.00000000   0.00000000     0.00820402   0.01315763     0.03622878   0.02185845
  0.00000000   0.00000000     0.01583390   0.00440999    -0.02637399  -0.01098558
    5    4
 -0.06759036  -0.04933877     0.00000000   0.00000000     0.00000000   0.00000000
  0.00000000   0.00000000    -0.04364532  -0.01469145     0.01445768   0.00756536
  0.00000000   0.00000000    -0.00145405   0.03437882     0.02258848   0.02317924
    5    5
  0.24764098   0.00000000     0.00000000   0.00000000     0.00000000   0.00000000
  0.00000000   0.00000000     0.15526358   0.00000000     0.01608367   0.00338502
  0.00000000   0.00000000     0.01608367  -0.00338502     0.12894650   0.00000000

     Dynamical  Matrix in cartesian axes

     q = (   -0.000000000  -0.199096104  -0.161223883 ) 

    1    1
  0.03438502  -0.00000000     0.00000000  -0.00000000     0.00000000  -0.00000000
  0.00000000  -0.00000000     0.12516422  -0.00000000     0.03328725   0.00606380
  0.00000000  -0.00000000     0.03328725  -0.00606380     0.18567460  -0.00000000
    1    2
 -0.01809690  -0.00680632     0.00000000  -0.00000000     0.00000000  -0.00000000
  0.00000000  -0.00000000     0.04425068   0.01384906     0.10696156   0.00255485
  0.00000000  -0.00000000     0.08996595  -0.02913937    -0.07119259   0.00608843
    1    3
  0.01021394  -0.00840902     0.00000000  -0.00000000     0.00000000  -0.00000000
  0.00000000  -0.00000000    -0.00868748   0.00548287    -0.07176999  -0.01203929
  0.00000000  -0.00000000    -0.02369528  -0.00592749     0.01932278   0.00309128
    1    4
  0.00060988  -0.00207247     0.00000000  -0.00000000     0.00000000  -0.00000000
  0.00000000  -0.00000000    -0.08803620   0.02863648    -0.02003799   0.00940298
  0.00000000  -0.00000000    -0.04087984   0.03393483    -0.05990188  -0.00277962
    1    5
 -0.01691991  -0.01089465     0.00000000  -0.00000000     0.00000000  -0.00000000
  0.00000000  -0.00000000    -0.03115765  -0.02226051    -0.02147344  -0.01184018
  0.00000000  -0.00000000    -0.02256083  -0.01284374    -0.03634014  -0.04061536
    2    1
 -0.01809690   0.00680632     0.00000000  -0.00000000     0.00000000  -0.00000000
  0.00000000  -0.00000000     0.04425068  -0.01384906     0.08996595   0.02913937
  0.00000000  -0.00000000     0.10696156  -0.00255485    -0.07119259  -0.00608843
    2    2
  0.17242923  -0.00000000     0.00000000  -0.00000000     0.00000000  -0.00000000
  0.00000000  -0.00000000     0.36847506  -0.00000000     0.06682860  -0.05378936
  0.00000000  -0.00000000     0.06682860   0.05378936     0.81071617  -0.00000000
    2    3
 -0.04015155   0.00054682     0.00000000  -0.00000000     0.00000000  -0.00000000
  0.00000000  -0.00000000    -0.06398992   0.03205006    -0.05595305   0.05517066
  0.00000000  -0.00000000    -0.02025091   0.01978595    -0.56131912  -0.02466074
    2    4
 -0.00050971  -0.00134882     0.00000000  -0.00000000     0.00000000  -0.00000000
  0.00000000  -0.00000000    -0.13978114   0.10888568    -0.02586315   0.01316807
  0.00000000  -0.00000000    -0.05594459   0.02170868    -0.04950290   0.06459403
    2    5
 -0.10306555  -0.00051245     0.00000000  -0.00000000     0.00000000  -0.00000000
  0.00000000  -0.00000000    -0.07361229  -0.01283377    -0.02261899  -0.01861970
  0.00000000  -0.00000000    -0.04666838  -0.02405970    -0.08518247   0.00520947
    3    1
  0.01021394   0.00840902     0.00000000  -0.00000000     0.00000000  -0.00000000
  0.00000000  -0.00000000    -0.00868748  -0.00548287    -0.02369528   0.00592749
  0.00000000  -0.00000000    -0.07176999   0.01203929     0.01932278  -0.00309128
    3    2
 -0.04015155  -0.00054682     0.00000000  -0.00000000     0.00000000  -0.00000000
  0.00000000  -0.00000000    -0.06398992  -0.03205006    -0.02025091  -0.01978595
  0.00000000  -0.00000000    -0.05595305  -0.05517066    -0.56131912   0.02466074
    3    3
  0.05059683  -0.00000000     0.00000000  -0.00000000     0.00000000  -0.00000000
  0.00000000  -0.00000000     0.06356308  -0.00000000     0.02062558   0.01442904
  0.00000000  -0.00000000     0.02062558  -0.01442904     0.60091576  -0.00000000
    3    4
 -0.00803516  -0.00823197     0.00000000  -0.00000000     0.00000000  -0.00000000
  0.00000000  -0.00000000     0.01953308   0.00133789     0.02996690   0.00138859
  0.00000000  -0.00000000     0.09474415   0.03665733    -0.02465035  -0.01154288
    3    5
 -0.00240863  -0.01100401     0.00000000  -0.00000000     0.00000000  -0.00000000
  0.00000000  -0.00000000     0.00820402   0.01315763     0.01583390   0.00440999
  0.00000000  -0.00000000     0.03622878   0.02185845    -0.02637399  -0.01098558
    4    1
  0.00060988   0.00207247     0.00000000  -0.00000000     0.00000000  -0.00000000
  0.00000000  -0.00000000    -0.08803620  -0.02863648    -0.04087984  -0.03393483
  0.00000000  -0.00000000    -0.02003799  -0.00940298    -0.05990188   0.00277962
    4    2
 -0.00050971   0.00134882     0.00000000  -0.00000000     0.00000000  -0.00000000
  0.00000000  -0.00000000    -0.13978114  -0.10888568    -0.05594459  -0.02170868
  0.00000000  -0.00000000    -0.02586315  -0.01316807    -0.04950290  -0.06459403
    4    3
 -0.00803516   0.00823197     0.00000000  -0.00000000     0.00000000  -0.00000000
  0.00000000  -0.00000000     0.01953308  -0.00133789     0.09474415  -0.03665733
  0.00000000  -0.00000000     0.02996690  -0.00138859    -0.02465035   0.01154288
    4    4
  0.12671475  -0.00000000     0.00000000  -0.00000000     0.00000000  -0.00000000
  0.00000000  -0.00000000     0.36541006  -0.00000000     0.02472691   0.02892103
  0.00000000  -0.00000000     0.02472691  -0.02892103     0.13137096  -0.00000000
    4    5
 -0.06759036  -0.04933877     0.00000000  -0.00000000     0.00000000  -0.00000000
  0.00000000  -0.00000000    -0.04364532  -0.01469145    -0.00145405   0.03437882
  0.00000000  -0.00000000     0.01445768   0.00756536     0.02258848   0.02317924
    5    1
 -0.01691991   0.01089465     0.00000000  -0.00000000     0.00000000  -0.00000000
  0.00000000  -0.00000000    -0.03115765   0.02226051    -0.02256083   0.01284374
  0.00000000  -0.00000000    -0.02147344   0.01184018    -0.03634014   0.04061536
    5    2
 -0.10306555   0.00051245     0.00000000  -0.00000000     0.00000000  -0.00000000
  0.00000000  -0.00000000    -0.07361229   0.01283377    -0.04666838   0.02405970
  0.00000000  -0.00000000    -0.02261899   0.01861970    -0.08518247  -0.00520947
    5    3
 -0.00240863   0.01100401     0.00000000  -0.00000000     0.00000000  -0.00000000
  0.00000000  -0.00000000     0.00820402  -0.01315763     0.03622878  -0.02185845
  0.00000000  -0.00000000     0.01583390  -0.00440999    -0.02637399   0.01098558
    5    4
 -0.06759036   0.04933877     0.00000000  -0.00000000     0.00000000  -0.00000000
  0.00000000  -0.00000000    -0.04364532   0.01469145     0.01445768  -0.00756536
  0.00000000  -0.00000000    -0.00145405  -0.03437882     0.02258848  -0.02317924
    5    5
  0.24764098  -0.00000000     0.00000000  -0.00000000     0.00000000  -0.00000000
  0.00000000  -0.00000000     0.15526358  -0.00000000     0.01608367  -0.00338502
  0.00000000  -0.00000000     0.01608367   0.00338502     0.12894650  -0.00000000

     Dynamical  Matrix in cartesian axes

     q = (    0.199096104   0.000000000   0.161223883 ) 

    1    1
  0.12516422   0.00000000     0.00000000   0.00000000     0.03328725  -0.00606380
  0.00000000   0.00000000     0.03438502   0.00000000     0.00000000   0.00000000
  0.03328725   0.00606380     0.00000000   0.00000000     0.18567460   0.00000000
    1    2
  0.04425068  -0.01384906     0.00000000   0.00000000     0.10696156  -0.00255485
  0.00000000   0.00000000    -0.01809690   0.00680632     0.00000000   0.00000000
  0.08996595   0.02913937     0.00000000   0.00000000    -0.07119259  -0.00608843
    1    3
 -0.00868748  -0.00548287     0.00000000   0.00000000    -0.07176999   0.01203929
  0.00000000   0.00000000     0.01021394   0.00840902     0.00000000   0.00000000
 -0.02369528   0.00592749     0.00000000   0.00000000     0.01932278  -0.00309128
    1    4
 -0.03115765   0.02226051     0.00000000   0.00000000    -0.02147344   0.01184018
  0.00000000   0.00000000    -0.01691991   0.01089465     0.00000000   0.00000000
 -0.02256083   0.01284374     0.00000000   0.00000000    -0.03634014   0.04061536
    1    5
 -0.08803620  -0.02863648     0.00000000   0.00000000    -0.02003799  -0.00940298
  0.00000000   0.00000000     0.00060988   0.00207247     0.00000000   0.00000000
 -0.04087984  -0.03393483     0.00000000   0.00000000    -0.05990188   0.00277962
    2    1
  0.04425068   0.01384906     0.00000000   0.00000000     0.08996595  -0.02913937
  0.00000000   0.00000000    -0.01809690  -0.00680632     0.00000000   0.00000000
  0.10696156   0.00255485     0.00000000   0.00000000    -0.07119259   0.00608843
    2    2
  0.36847506   0.00000000     0.00000000   0.00000000     0.06682860   0.05378936
  0.00000000   0.00000000     0.17242923   0.00000000     0.00000000   0.00000000
  0.06682860  -0.05378936     0.00000000   0.00000000     0.81071617   0.00000000
    2    3
 -0.06398992  -0.03205006     0.00000000   0.00000000    -0.05595305  -0.05517066
  0.00000000   0.00000000    -0.04015155  -0.00054682     0.00000000   0.00000000
 -0.02025091  -0.01978595     0.00000000   0.00000000    -0.56131912   0.02466074
    2    4
 -0.07361229   0.01283377     0.00000000   0.00000000    -0.02261899   0.01861970
  0.00000000   0.00000000    -0.10306555   0.00051245     0.00000000   0.00000000
 -0.04666838   0.02405970     0.00000000   0.00000000    -0.08518247  -0.00520947
    2    5
 -0.13978114  -0.10888568     0.00000000   0.00000000    -0.02586315  -0.01316807
  0.00000000   0.00000000    -0.00050971   0.00134882     0.00000000   0.00000000
 -0.05594459  -0.02170868     0.00000000   0.00000000    -0.04950290  -0.06459403
    3    1
 -0.00868748   0.00548287     0.00000000   0.00000000    -0.02369528  -0.00592749
  0.00000000   0.00000000     0.01021394  -0.00840902     0.00000000   0.00000000
 -0.07176999  -0.01203929     0.00000000   0.00000000     0.01932278   0.00309128
    3    2
 -0.06398992   0.03205006     0.00000000   0.00000000    -0.02025091   0.01978595
  0.00000000   0.00000000    -0.04015155   0.00054682     0.00000000   0.00000000
 -0.05595305   0.05517066     0.00000000   0.00000000    -0.56131912  -0.02466074
    3    3
  0.06356308   0.00000000     0.00000000   0.00000000     0.02062558  -0.01442904
  0.00000000   0.00000000     0.05059683   0.00000000     0.00000000   0.00000000
  0.02062558   0.01442904     0.00000000   0.00000000     0.60091576   0.00000000
    3    4
  0.00820402  -0.01315763     0.00000000   0.00000000     0.01583390  -0.00440999
  0.00000000   0.00000000    -0.00240863   0.01100401     0.00000000   0.00000000
  0.03622878  -0.02185845     0.00000000   0.00000000    -0.02637399   0.01098558
    3    5
  0.01953308  -0.00133789     0.00000000   0.00000000     0.02996690  -0.00138859
  0.00000000   0.00000000    -0.00803516   0.00823197     0.00000000   0.00000000
  0.09474415  -0.03665733     0.00000000   0.00000000    -0.02465035   0.01154288
    4    1
 -0.03115765  -0.02226051     0.00000000   0.00000000    -0.02256083  -0.01284374
  0.00000000   0.00000000    -0.01691991  -0.01089465     0.00000000   0.00000000
 -0.02147344  -0.01184018     0.00000000   0.00000000    -0.03634014  -0.04061536
    4    2
 -0.07361229  -0.01283377     0.00000000   0.00000000    -0.04666838  -0.02405970
  0.00000000   0.00000000    -0.10306555  -0.00051245     0.00000000   0.00000000
 -0.02261899  -0.01861970     0.00000000   0.00000000    -0.08518247   0.00520947
    4    3
  0.00820402   0.01315763     0.00000000   0.00000000     0.03622878   0.02185845
  0.00000000   0.00000000    -0.00240863  -0.01100401     0.00000000   0.00000000
  0.01583390   0.00440999     0.00000000   0.00000000    -0.02637399  -0.01098558
    4    4
  0.15526358   0.00000000     0.00000000   0.00000000     0.01608367   0.00338502
  0.00000000   0.00000000     0.24764098   0.00000000     0.00000000   0.00000000
  0.01608367  -0.00338502     0.00000000   0.00000000     0.12894650   0.00000000
    4    5
 -0.04364532  -0.01469145     0.00000000   0.00000000     0.01445768   0.00756536
  0.00000000   0.00000000    -0.06759036  -0.04933877     0.00000000   0.00000000
 -0.00145405   0.03437882     0.00000000   0.00000000     0.02258848   0.02317924
    5    1
 -0.08803620   0.02863648     0.00000000   0.00000000    -0.04087984   0.03393483
  0.00000000   0.00000000     0.00060988  -0.00207247     0.00000000   0.00000000
 -0.02003799   0.00940298     0.00000000   0.00000000    -0.05990188  -0.00277962
    5    2
 -0.13978114   0.10888568     0.00000000   0.00000000    -0.05594459   0.02170868
  0.00000000   0.00000000    -0.00050971  -0.00134882     0.00000000   0.00000000
 -0.02586315   0.01316807     0.00000000   0.00000000    -0.04950290   0.06459403
    5    3
  0.01953308   0.00133789     0.00000000   0.00000000     0.09474415   0.03665733
  0.00000000   0.00000000    -0.00803516  -0.00823197     0.00000000   0.00000000
  0.02996690   0.00138859     0.00000000   0.00000000    -0.02465035  -0.01154288
    5    4
 -0.04364532   0.01469145     0.00000000   0.00000000    -0.00145405  -0.03437882
  0.00000000   0.00000000    -0.06759036   0.04933877     0.00000000   0.00000000
  0.01445768  -0.00756536     0.00000000   0.00000000     0.02258848  -0.02317924
    5    5
  0.36541006   0.00000000     0.00000000   0.00000000     0.02472691  -0.02892103
  0.00000000   0.00000000     0.12671475   0.00000000     0.00000000   0.00000000
  0.02472691   0.02892103     0.00000000   0.00000000     0.13137096   0.00000000

     Dynamical  Matrix in cartesian axes

     q = (   -0.199096104  -0.000000000  -0.161223883 ) 

    1    1
  0.12516422  -0.00000000     0.00000000  -0.00000000     0.03328725   0.00606380
  0.00000000  -0.00000000     0.03438502  -0.00000000     0.00000000  -0.00000000
  0.03328725  -0.00606380     0.00000000  -0.00000000     0.18567460  -0.00000000
    1    2
  0.04425068   0.01384906     0.00000000  -0.00000000     0.10696156   0.00255485
  0.00000000  -0.00000000    -0.01809690  -0.00680632     0.00000000  -0.00000000
  0.08996595  -0.02913937     0.00000000  -0.00000000    -0.07119259   0.00608843
    1    3
 -0.00868748   0.00548287     0.00000000  -0.00000000    -0.07176999  -0.01203929
  0.00000000  -0.00000000     0.01021394  -0.00840902     0.00000000  -0.00000000
 -0.02369528  -0.00592749     0.00000000  -0.00000000     0.01932278   0.00309128
    1    4
 -0.03115765  -0.02226051     0.00000000  -0.00000000    -0.02147344  -0.01184018
  0.00000000  -0.00000000    -0.01691991  -0.01089465     0.00000000  -0.00000000
 -0.02256083  -0.01284374     0.00000000  -0.00000000    -0.03634014  -0.04061536
    1    5
 -0.08803620   0.02863648     0.00000000  -0.00000000    -0.02003799   0.00940298
  0.00000000  -0.00000000     0.00060988  -0.00207247     0.00000000  -0.00000000
 -0.04087984   0.03393483     0.00000000  -0.00000000    -0.05990188  -0.00277962
    2    1
  0.04425068  -0.01384906     0.00000000  -0.00000000     0.08996595   0.02913937
  0.00000000  -0.00000000    -0.01809690   0.00680632     0.00000000  -0.00000000
  0.10696156  -0.00255485     0.00000000  -0.00000000    -0.07119259  -0.00608843
    2    2
  0.36847506  -0.00000000     0.00000000  -0.00000000     0.06682860  -0.05378936
  0.00000000  -0.00000000     0.17242923  -0.00000000     0.00000000  -0.00000000
  0.06682860   0.05378936     0.00000000  -0.00000000     0.81071617  -0.00000000
    2    3
 -0.06398992   0.03205006     0.00000000  -0.00000000    -0.05595305   0.05517066
  0.00000000  -0.00000000    -0.04015155   0.00054682     0.00000000  -0.00000000
 -0.02025091   0.01978595     0.00000000  -0.00000000    -0.56131912  -0.02466074
    2    4
 -0.07361229  -0.01283377     0.00000000  -0.00000000    -0.02261899  -0.01861970
  0.00000000  -0.00000000    -0.10306555  -0.00051245     0.00000000  -0.00000000
 -0.04666838  -0.02405970     0.00000000  -0.00000000    -0.08518247   0.00520947
    2    5
 -0.13978114   0.10888568     0.00000000  -0.00000000    -0.02586315   0.01316807
  0.00000000  -0.00000000    -0.00050971  -0.00134882     0.00000000  -0.00000000
 -0.05594459   0.02170868     0.00000000  -0.00000000    -0.04950290   0.06459403
    3    1
 -0.00868748  -0.00548287     0.00000000  -0.00000000    -0.02369528   0.00592749
  0.00000000  -0.00000000     0.01021394   0.00840902     0.00000000  -0.00000000
 -0.07176999   0.01203929     0.00000000  -0.00000000     0.01932278  -0.00309128
    3    2
 -0.06398992  -0.03205006     0.00000000  -0.00000000    -0.02025091  -0.01978595
  0.00000000  -0.00000000    -0.04015155  -0.00054682     0.00000000  -0.00000000
 -0.05595305  -0.05517066     0.00000000  -0.00000000    -0.56131912   0.02466074
    3    3
  0.06356308  -0.00000000     0.00000000  -0.00000000     0.02062558   0.01442904
  0.00000000  -0.00000000     0.05059683  -0.00000000     0.00000000  -0.00000000
  0.02062558  -0.01442904     0.00000000  -0.00000000     0.60091576  -0.00000000
    3    4
  0.00820402   0.01315763     0.00000000  -0.00000000     0.01583390   0.00440999
  0.00000000  -0.00000000    -0.00240863  -0.01100401     0.00000000  -0.00000000
  0.03622878   0.02185845     0.00000000  -0.00000000    -0.02637399  -0.01098558
    3    5
  0.01953308   0.00133789     0.00000000  -0.00000000     0.02996690   0.00138859
  0.00000000  -0.00000000    -0.00803516  -0.00823197     0.00000000  -0.00000000
  0.09474415   0.03665733     0.00000000  -0.00000000    -0.02465035  -0.01154288
    4    1
 -0.03115765   0.02226051     0.00000000  -0.00000000    -0.02256083   0.01284374
  0.00000000  -0.00000000    -0.01691991   0.01089465     0.00000000  -0.00000000
 -0.02147344   0.01184018     0.00000000  -0.00000000    -0.03634014   0.04061536
    4    2
 -0.07361229   0.01283377     0.00000000  -0.00000000    -0.04666838   0.02405970
  0.00000000  -0.00000000    -0.10306555   0.00051245     0.00000000  -0.00000000
 -0.02261899   0.01861970     0.00000000  -0.00000000    -0.08518247  -0.00520947
    4    3
  0.00820402  -0.01315763     0.00000000  -0.00000000     0.03622878  -0.02185845
  0.00000000  -0.00000000    -0.00240863   0.01100401     0.00000000  -0.00000000
  0.01583390  -0.00440999     0.00000000  -0.00000000    -0.02637399   0.01098558
    4    4
  0.15526358  -0.00000000     0.00000000  -0.00000000     0.01608367  -0.00338502
  0.00000000  -0.00000000     0.24764098  -0.00000000     0.00000000  -0.00000000
  0.01608367   0.00338502     0.00000000  -0.00000000     0.12894650  -0.00000000
    4    5
 -0.04364532   0.01469145     0.00000000  -0.00000000     0.01445768  -0.00756536
  0.00000000  -0.00000000    -0.06759036   0.04933877     0.00000000  -0.00000000
 -0.00145405  -0.03437882     0.00000000  -0.00000000     0.02258848  -0.02317924
    5    1
 -0.08803620  -0.02863648     0.00000000  -0.00000000    -0.04087984  -0.03393483
  0.00000000  -0.00000000     0.00060988   0.00207247     0.00000000  -0.00000000
 -0.02003799  -0.00940298     0.00000000  -0.00000000    -0.05990188   0.00277962
    5    2
 -0.13978114  -0.10888568     0.00000000  -0.00000000    -0.05594459  -0.02170868
  0.00000000  -0.00000000    -0.00050971   0.00134882     0.00000000  -0.00000000
 -0.02586315  -0.01316807     0.00000000  -0.00000000    -0.04950290  -0.06459403
    5    3
  0.01953308  -0.00133789     0.00000000  -0.00000000     0.09474415  -0.03665733
  0.00000000  -0.00000000    -0.00803516   0.00823197     0.00000000  -0.00000000
  0.02996690  -0.00138859     0.00000000  -0.00000000    -0.02465035   0.01154288
    5    4
 -0.04364532  -0.01469145     0.00000000  -0.00000000    -0.00145405   0.03437882
  0.00000000  -0.00000000    -0.06759036  -0.04933877     0.00000000  -0.00000000
  0.01445768   0.00756536     0.00000000  -0.00000000     0.02258848   0.02317924
    5    5
  0.36541006  -0.00000000     0.00000000  -0.00000000     0.02472691   0.02892103
  0.00000000  -0.00000000     0.12671475  -0.00000000     0.00000000  -0.00000000
  0.02472691  -0.02892103     0.00000000  -0.00000000     0.13137096  -0.00000000

     Dynamical  Matrix in cartesian axes

     q = (   -0.199096104   0.000000000   0.161223883 ) 

    1    1
  0.12516422   0.00000000     0.00000000   0.00000000    -0.03328725   0.00606380
  0.00000000   0.00000000     0.03438502   0.00000000     0.00000000   0.00000000
 -0.03328725  -0.00606380     0.00000000   0.00000000     0.18567460   0.00000000
    1    2
  0.02684545   0.03780530     0.00000000   0.00000000    -0.03548274  -0.10093700
  0.00000000   0.00000000    -0.01206545  -0.01510791     0.00000000   0.00000000
 -0.00008782  -0.09456726     0.00000000   0.00000000    -0.01620928  -0.06958961
    1    3
  0.00252994  -0.00995659     0.00000000   0.00000000     0.03362819   0.06453698
  0.00000000   0.00000000    -0.00484117   0.01231256     0.00000000   0.00000000
  0.01295962   0.02070385     0.00000000   0.00000000     0.00891105   0.01742180
    1    4
 -0.03079925  -0.02275381     0.00000000   0.00000000     0.01789634   0.01676363
  0.00000000   0.00000000    -0.01558997  -0.01272516     0.00000000   0.00000000
  0.01918680   0.01748769     0.00000000   0.00000000    -0.04985722  -0.02201069
    1    5
 -0.08803620  -0.02863648     0.00000000   0.00000000     0.02003799   0.00940298
  0.00000000   0.00000000     0.00060988   0.00207247     0.00000000   0.00000000
  0.04087984   0.03393483     0.00000000   0.00000000    -0.05990188   0.00277962
    2    1
  0.02684545  -0.03780530     0.00000000   0.00000000    -0.00008782   0.09456726
  0.00000000   0.00000000    -0.01206545   0.01510791     0.00000000   0.00000000
 -0.03548274   0.10093700     0.00000000   0.00000000    -0.01620928   0.06958961
    2    2
  0.36847506   0.00000000     0.00000000   0.00000000    -0.06682860  -0.05378936
  0.00000000   0.00000000     0.17242923   0.00000000     0.00000000   0.00000000
 -0.06682860   0.05378936     0.00000000   0.00000000     0.81071617   0.00000000
    2    3
 -0.06398992  -0.03205006     0.00000000   0.00000000     0.05595305   0.05517066
  0.00000000   0.00000000    -0.04015155  -0.00054682     0.00000000   0.00000000
  0.02025091   0.01978595     0.00000000   0.00000000    -0.56131912   0.02466074
    2    4
 -0.07361229   0.01283377     0.00000000   0.00000000     0.02261899  -0.01861970
  0.00000000   0.00000000    -0.10306555   0.00051245     0.00000000   0.00000000
  0.04666838  -0.02405970     0.00000000   0.00000000    -0.08518247  -0.00520947
    2    5
 -0.14675118   0.09929224     0.00000000   0.00000000     0.02051573  -0.02052816
  0.00000000   0.00000000     0.00112530   0.00090157     0.00000000   0.00000000
  0.03793401  -0.04649811     0.00000000   0.00000000    -0.07672981   0.02711940
    3    1
  0.00252994   0.00995659     0.00000000   0.00000000     0.01295962  -0.02070385
  0.00000000   0.00000000    -0.00484117  -0.01231256     0.00000000   0.00000000
  0.03362819  -0.06453698     0.00000000   0.00000000     0.00891105  -0.01742180
    3    2
 -0.06398992   0.03205006     0.00000000   0.00000000     0.02025091  -0.01978595
  0.00000000   0.00000000    -0.04015155   0.00054682     0.00000000   0.00000000
  0.05595305  -0.05517066     0.00000000   0.00000000    -0.56131912  -0.02466074
    3    3
  0.06356308   0.00000000     0.00000000   0.00000000    -0.02062558   0.01442904
  0.00000000   0.00000000     0.05059683   0.00000000     0.00000000   0.00000000
 -0.02062558  -0.01442904     0.00000000   0.00000000     0.60091576   0.00000000
    3    4
  0.00820402  -0.01315763     0.00000000   0.00000000    -0.01583390   0.00440999
  0.00000000   0.00000000    -0.00240863   0.01100401     0.00000000   0.00000000
 -0.03622878   0.02185845     0.00000000   0.00000000    -0.02637399   0.01098558
    3    5
  0.00476364  -0.01899049     0.00000000   0.00000000    -0.00793966   0.02892932
  0.00000000   0.00000000     0.00534607   0.01018571     0.00000000   0.00000000
  0.00558564   0.10143478     0.00000000   0.00000000     0.00336055   0.02701082
    4    1
 -0.03079925   0.02275381     0.00000000   0.00000000     0.01918680  -0.01748769
  0.00000000   0.00000000    -0.01558997   0.01272516     0.00000000   0.00000000
  0.01789634  -0.01676363     0.00000000   0.00000000    -0.04985722   0.02201069
    4    2
 -0.07361229  -0.01283377     0.00000000   0.00000000     0.04666838   0.02405970
  0.00000000   0.00000000    -0.10306555  -0.00051245     0.00000000   0.00000000
  0.02261899   0.01861970     0.00000000   0.00000000    -0.08518247   0.00520947
    4    3
  0.00820402   0.01315763     0.00000000   0.00000000    -0.03622878  -0.02185845
  0.00000000   0.00000000    -0.00240863  -0.01100401     0.00000000   0.00000000
 -0.01583390  -0.00440999     0.00000000   0.00000000    -0.02637399  -0.01098558
    4    4
  0.15526358   0.00000000     0.00000000   0.00000000    -0.01608367  -0.00338502
  0.00000000   0.00000000     0.24764098   0.00000000     0.00000000   0.00000000
 -0.01608367   0.00338502     0.00000000   0.00000000     0.12894650   0.00000000
    4    5
 -0.02745955   0.03696926     0.00000000   0.00000000    -0.01166276   0.01141225
  0.00000000   0.00000000    -0.06781053   0.04903573     0.00000000   0.00000000
 -0.03224688  -0.01200652     0.00000000   0.00000000     0.02902499  -0.01432014
    5    1
 -0.08803620   0.02863648     0.00000000   0.00000000     0.04087984  -0.03393483
  0.00000000   0.00000000     0.00060988  -0.00207247     0.00000000   0.00000000
  0.02003799  -0.00940298     0.00000000   0.00000000    -0.05990188  -0.00277962
    5    2
 -0.14675118  -0.09929224     0.00000000   0.00000000     0.03793401   0.04649811
  0.00000000   0.00000000     0.00112530  -0.00090157     0.00000000   0.00000000
  0.02051573   0.02052816     0.00000000   0.00000000    -0.07672981  -0.02711940
    5    3
  0.00476364   0.01899049     0.00000000   0.00000000     0.00558564  -0.10143478
  0.00000000   0.00000000     0.00534607  -0.01018571     0.00000000   0.00000000
 -0.00793966  -0.02892932     0.00000000   0.00000000     0.00336055  -0.02701082
    5    4
 -0.02745955  -0.03696926     0.00000000   0.00000000    -0.03224688   0.01200652
  0.00000000   0.00000000    -0.06781053  -0.04903573     0.00000000   0.00000000
 -0.01166276  -0.01141225     0.00000000   0.00000000     0.02902499   0.01432014
    5    5
  0.36541006   0.00000000     0.00000000   0.00000000    -0.02472691   0.02892103
  0.00000000   0.00000000     0.12671475   0.00000000     0.00000000   0.00000000
 -0.02472691  -0.02892103     0.00000000   0.00000000     0.13137096   0.00000000

     Dynamical  Matrix in cartesian axes

     q = (    0.199096104  -0.000000000  -0.161223883 ) 

    1    1
  0.12516422  -0.00000000     0.00000000  -0.00000000    -0.03328725  -0.00606380
  0.00000000  -0.00000000     0.03438502  -0.00000000     0.00000000  -0.00000000
 -0.03328725   0.00606380     0.00000000  -0.00000000     0.18567460  -0.00000000
    1    2
  0.02684545  -0.03780530     0.00000000  -0.00000000    -0.03548274   0.10093700
  0.00000000  -0.00000000    -0.01206545   0.01510791     0.00000000  -0.00000000
 -0.00008782   0.09456726     0.00000000  -0.00000000    -0.01620928   0.06958961
    1    3
  0.00252994   0.00995659     0.00000000  -0.00000000     0.03362819  -0.06453698
  0.00000000  -0.00000000    -0.00484117  -0.01231256     0.00000000  -0.00000000
  0.01295962  -0.02070385     0.00000000  -0.00000000     0.00891105  -0.01742180
    1    4
 -0.03079925   0.02275381     0.00000000  -0.00000000     0.01789634  -0.01676363
  0.00000000  -0.00000000    -0.01558997   0.01272516     0.00000000  -0.00000000
  0.01918680  -0.01748769     0.00000000  -0.00000000    -0.04985722   0.02201069
    1    5
 -0.08803620   0.02863648     0.00000000  -0.00000000     0.02003799  -0.00940298
  0.00000000  -0.00000000     0.00060988  -0.00207247     0.00000000  -0.00000000
  0.04087984  -0.03393483     0.00000000  -0.00000000    -0.05990188  -0.00277962
    2    1
  0.02684545   0.03780530     0.00000000  -0.00000000    -0.00008782  -0.09456726
  0.00000000  -0.00000000    -0.01206545  -0.01510791     0.00000000  -0.00000000
 -0.03548274  -0.10093700     0.00000000  -0.00000000    -0.01620928  -0.06958961
    2    2
  0.36847506  -0.00000000     0.00000000  -0.00000000    -0.06682860   0.05378936
  0.00000000  -0.00000000     0.17242923  -0.00000000     0.00000000  -0.00000000
 -0.06682860  -0.05378936     0.00000000  -0.00000000     0.81071617  -0.00000000
    2    3
 -0.06398992   0.03205006     0.00000000  -0.00000000     0.05595305  -0.05517066
  0.00000000  -0.00000000    -0.04015155   0.00054682     0.00000000  -0.00000000
  0.02025091  -0.01978595     0.00000000  -0.00000000    -0.56131912  -0.02466074
    2    4
 -0.07361229  -0.01283377     0.00000000  -0.00000000     0.02261899   0.01861970
  0.00000000  -0.00000000    -0.10306555  -0.00051245     0.00000000  -0.00000000
  0.04666838   0.02405970     0.00000000  -0.00000000    -0.08518247   0.00520947
    2    5
 -0.14675118  -0.09929224     0.00000000  -0.00000000     0.02051573   0.02052816
  0.00000000  -0.00000000     0.00112530  -0.00090157     0.00000000  -0.00000000
  0.03793401   0.04649811     0.00000000  -0.00000000    -0.07672981  -0.02711940
    3    1
  0.00252994  -0.00995659     0.00000000  -0.00000000     0.01295962   0.02070385
  0.00000000  -0.00000000    -0.00484117   0.01231256     0.00000000  -0.00000000
  0.03362819   0.06453698     0.00000000  -0.00000000     0.00891105   0.01742180
    3    2
 -0.06398992  -0.03205006     0.00000000  -0.00000000     0.02025091   0.01978595
  0.00000000  -0.00000000    -0.04015155  -0.00054682     0.00000000  -0.00000000
  0.05595305   0.05517066     0.00000000  -0.00000000    -0.56131912   0.02466074
    3    3
  0.06356308  -0.00000000     0.00000000  -0.00000000    -0.02062558  -0.01442904
  0.00000000  -0.00000000     0.05059683  -0.00000000     0.00000000  -0.00000000
 -0.02062558   0.01442904     0.00000000  -0.00000000     0.60091576  -0.00000000
    3    4
  0.00820402   0.01315763     0.00000000  -0.00000000    -0.01583390  -0.00440999
  0.00000000  -0.00000000    -0.00240863  -0.01100401     0.00000000  -0.00000000
 -0.03622878  -0.02185845     0.00000000  -0.00000000    -0.02637399  -0.01098558
    3    5
  0.00476364   0.01899049     0.00000000  -0.00000000    -0.00793966  -0.02892932
  0.00000000  -0.00000000     0.00534607  -0.01018571     0.00000000  -0.00000000
  0.00558564  -0.10143478     0.00000000  -0.00000000     0.00336055  -0.02701082
    4    1
 -0.03079925  -0.02275381     0.00000000  -0.00000000     0.01918680   0.01748769
  0.00000000  -0.00000000    -0.01558997  -0.01272516     0.00000000  -0.00000000
  0.01789634   0.01676363     0.00000000  -0.00000000    -0.04985722  -0.02201069
    4    2
 -0.07361229   0.01283377     0.00000000  -0.00000000     0.04666838  -0.02405970
  0.00000000  -0.00000000    -0.10306555   0.00051245     0.00000000  -0.00000000
  0.02261899  -0.01861970     0.00000000  -0.00000000    -0.08518247  -0.00520947
    4    3
  0.00820402  -0.01315763     0.00000000  -0.00000000    -0.03622878   0.02185845
  0.00000000  -0.00000000    -0.00240863   0.01100401     0.00000000  -0.00000000
 -0.01583390   0.00440999     0.00000000  -0.00000000    -0.02637399   0.01098558
    4    4
  0.15526358  -0.00000000     0.00000000  -0.00000000    -0.01608367   0.00338502
  0.00000000  -0.00000000     0.24764098  -0.00000000     0.00000000  -0.00000000
 -0.01608367  -0.00338502     0.00000000  -0.00000000     0.12894650  -0.00000000
    4    5
 -0.02745955  -0.03696926     0.00000000  -0.00000000    -0.01166276  -0.01141225
  0.00000000  -0.00000000    -0.06781053  -0.04903573     0.00000000  -0.00000000
 -0.03224688   0.01200652     0.00000000  -0.00000000     0.02902499   0.01432014
    5    1
 -0.08803620  -0.02863648     0.00000000  -0.00000000     0.04087984   0.03393483
  0.00000000  -0.00000000     0.00060988   0.00207247     0.00000000  -0.00000000
  0.02003799   0.00940298     0.00000000  -0.00000000    -0.05990188   0.00277962
    5    2
 -0.14675118   0.09929224     0.00000000  -0.00000000     0.03793401  -0.04649811
  0.00000000  -0.00000000     0.00112530   0.00090157     0.00000000  -0.00000000
  0.02051573  -0.02052816     0.00000000  -0.00000000    -0.07672981   0.02711940
    5    3
  0.00476364  -0.01899049     0.00000000  -0.00000000     0.00558564   0.10143478
  0.00000000  -0.00000000     0.00534607   0.01018571     0.00000000  -0.00000000
 -0.00793966   0.02892932     0.00000000  -0.00000000     0.00336055   0.02701082
    5    4
 -0.02745955   0.03696926     0.00000000  -0.00000000    -0.03224688  -0.01200652
  0.00000000  -0.00000000    -0.06781053   0.04903573     0.00000000  -0.00000000
 -0.01166276   0.01141225     0.00000000  -0.00000000     0.02902499  -0.01432014
    5    5
  0.36541006  -0.00000000     0.00000000  -0.00000000    -0.02472691  -0.02892103
  0.00000000  -0.00000000     0.12671475  -0.00000000     0.00000000  -0.00000000
 -0.02472691   0.02892103     0.00000000  -0.00000000     0.13137096  -0.00000000

     Dynamical  Matrix in cartesian axes

     q = (    0.000000000  -0.199096104   0.161223883 ) 

    1    1
  0.03438502   0.00000000     0.00000000   0.00000000     0.00000000   0.00000000
  0.00000000   0.00000000     0.12516422   0.00000000    -0.03328725   0.00606380
  0.00000000   0.00000000    -0.03328725  -0.00606380     0.18567460   0.00000000
    1    2
 -0.01206545  -0.01510791     0.00000000   0.00000000     0.00000000   0.00000000
  0.00000000   0.00000000     0.02684545   0.03780530    -0.03548274  -0.10093700
  0.00000000   0.00000000    -0.00008782  -0.09456726    -0.01620928  -0.06958961
    1    3
 -0.00484117   0.01231256     0.00000000   0.00000000     0.00000000   0.00000000
  0.00000000   0.00000000     0.00252994  -0.00995659     0.03362819   0.06453698
  0.00000000   0.00000000     0.01295962   0.02070385     0.00891105   0.01742180
    1    4
  0.00060988   0.00207247     0.00000000   0.00000000     0.00000000   0.00000000
  0.00000000   0.00000000    -0.08803620  -0.02863648     0.02003799   0.00940298
  0.00000000   0.00000000     0.04087984   0.03393483    -0.05990188   0.00277962
    1    5
 -0.01558997  -0.01272516     0.00000000   0.00000000     0.00000000   0.00000000
  0.00000000   0.00000000    -0.03079925  -0.02275381     0.01789634   0.01676363
  0.00000000   0.00000000     0.01918680   0.01748769    -0.04985722  -0.02201069
    2    1
 -0.01206545   0.01510791     0.00000000   0.00000000     0.00000000   0.00000000
  0.00000000   0.00000000     0.02684545  -0.03780530    -0.00008782   0.09456726
  0.00000000   0.00000000    -0.03548274   0.10093700    -0.01620928   0.06958961
    2    2
  0.17242923   0.00000000     0.00000000   0.00000000     0.00000000   0.00000000
  0.00000000   0.00000000     0.36847506   0.00000000    -0.06682860  -0.05378936
  0.00000000   0.00000000    -0.06682860   0.05378936     0.81071617   0.00000000
    2    3
 -0.04015155  -0.00054682     0.00000000   0.00000000     0.00000000   0.00000000
  0.00000000   0.00000000    -0.06398992  -0.03205006     0.05595305   0.05517066
  0.00000000   0.00000000     0.02025091   0.01978595    -0.56131912   0.02466074
    2    4
  0.00112530   0.00090157     0.00000000   0.00000000     0.00000000   0.00000000
  0.00000000   0.00000000    -0.14675118   0.09929224     0.02051573  -0.02052816
  0.00000000   0.00000000     0.03793401  -0.04649811    -0.07672981   0.02711940
    2    5
 -0.10306555   0.00051245     0.00000000   0.00000000     0.00000000   0.00000000
  0.00000000   0.00000000    -0.07361229   0.01283377     0.02261899  -0.01861970
  0.00000000   0.00000000     0.04666838  -0.02405970    -0.08518247  -0.00520947
    3    1
 -0.00484117  -0.01231256     0.00000000   0.00000000     0.00000000   0.00000000
  0.00000000   0.00000000     0.00252994   0.00995659     0.01295962  -0.02070385
  0.00000000   0.00000000     0.03362819  -0.06453698     0.00891105  -0.01742180
    3    2
 -0.04015155   0.00054682     0.00000000   0.00000000     0.00000000   0.00000000
  0.00000000   0.00000000    -0.06398992   0.03205006     0.02025091  -0.01978595
  0.00000000   0.00000000     0.05595305  -0.05517066    -0.56131912  -0.02466074
    3    3
  0.05059683   0.00000000     0.00000000   0.00000000     0.00000000   0.00000000
  0.00000000   0.00000000     0.06356308   0.00000000    -0.02062558   0.01442904
  0.00000000   0.00000000    -0.02062558  -0.01442904     0.60091576   0.00000000
    3    4
  0.00534607   0.01018571     0.00000000   0.00000000     0.00000000   0.00000000
  0.00000000   0.00000000     0.00476364  -0.01899049    -0.00793966   0.02892932
  0.00000000   0.00000000     0.00558564   0.10143478     0.00336055   0.02701082
    3    5
 -0.00240863   0.01100401     0.00000000   0.00000000     0.00000000   0.00000000
  0.00000000   0.00000000     0.00820402  -0.01315763    -0.01583390   0.00440999
  0.00000000   0.00000000    -0.03622878   0.02185845    -0.02637399   0.01098558
    4    1
  0.00060988  -0.00207247     0.00000000   0.00000000     0.00000000   0.00000000
  0.00000000   0.00000000    -0.08803620   0.02863648     0.04087984  -0.03393483
  0.00000000   0.00000000     0.02003799  -0.00940298    -0.05990188  -0.00277962
    4    2
  0.00112530  -0.00090157     0.00000000   0.00000000     0.00000000   0.00000000
  0.00000000   0.00000000    -0.14675118  -0.09929224     0.03793401   0.04649811
  0.00000000   0.00000000     0.02051573   0.02052816    -0.07672981  -0.02711940
    4    3
  0.00534607  -0.01018571     0.00000000   0.00000000     0.00000000   0.00000000
  0.00000000   0.00000000     0.00476364   0.01899049     0.00558564  -0.10143478
  0.00000000   0.00000000    -0.00793966  -0.02892932     0.00336055  -0.02701082
    4    4
  0.12671475   0.00000000     0.00000000   0.00000000     0.00000000   0.00000000
  0.00000000   0.00000000     0.36541006   0.00000000    -0.02472691   0.02892103
  0.00000000   0.00000000    -0.02472691  -0.02892103     0.13137096   0.00000000
    4    5
 -0.06781053  -0.04903573     0.00000000   0.00000000     0.00000000   0.00000000
  0.00000000   0.00000000    -0.02745955  -0.03696926    -0.03224688   0.01200652
  0.00000000   0.00000000    -0.01166276  -0.01141225     0.02902499   0.01432014
    5    1
 -0.01558997   0.01272516     0.00000000   0.00000000     0.00000000   0.00000000
  0.00000000   0.00000000    -0.03079925   0.02275381     0.01918680  -0.01748769
  0.00000000   0.00000000     0.01789634  -0.01676363    -0.04985722   0.02201069
    5    2
 -0.10306555  -0.00051245     0.00000000   0.00000000     0.00000000   0.00000000
  0.00000000   0.00000000    -0.07361229  -0.01283377     0.04666838   0.02405970
  0.00000000   0.00000000     0.02261899   0.01861970    -0.08518247   0.00520947
    5    3
 -0.00240863  -0.01100401     0.00000000   0.00000000     0.00000000   0.00000000
  0.00000000   0.00000000     0.00820402   0.01315763    -0.03622878  -0.02185845
  0.00000000   0.00000000    -0.01583390  -0.00440999    -0.02637399  -0.01098558
    5    4
 -0.06781053   0.04903573     0.00000000   0.00000000     0.00000000   0.00000000
  0.00000000   0.00000000    -0.02745955   0.03696926    -0.01166276   0.01141225
  0.00000000   0.00000000    -0.03224688  -0.01200652     0.02902499  -0.01432014
    5    5
  0.24764098   0.00000000     0.00000000   0.00000000     0.00000000   0.00000000
  0.00000000   0.00000000     0.15526358   0.00000000    -0.01608367  -0.00338502
  0.00000000   0.00000000    -0.01608367   0.00338502     0.12894650   0.00000000

     Dynamical  Matrix in cartesian axes

     q = (   -0.000000000   0.199096104  -0.161223883 ) 

    1    1
  0.03438502  -0.00000000     0.00000000  -0.00000000     0.00000000  -0.00000000
  0.00000000  -0.00000000     0.12516422  -0.00000000    -0.03328725  -0.00606380
  0.00000000  -0.00000000    -0.03328725   0.00606380     0.18567460  -0.00000000
    1    2
 -0.01206545   0.01510791     0.00000000  -0.00000000     0.00000000  -0.00000000
  0.00000000  -0.00000000     0.02684545  -0.03780530    -0.03548274   0.10093700
  0.00000000  -0.00000000    -0.00008782   0.09456726    -0.01620928   0.06958961
    1    3
 -0.00484117  -0.01231256     0.00000000  -0.00000000     0.00000000  -0.00000000
  0.00000000  -0.00000000     0.00252994   0.00995659     0.03362819  -0.06453698
  0.00000000  -0.00000000     0.01295962  -0.02070385     0.00891105  -0.01742180
    1    4
  0.00060988  -0.00207247     0.00000000  -0.00000000     0.00000000  -0.00000000
  0.00000000  -0.00000000    -0.08803620   0.02863648     0.02003799  -0.00940298
  0.00000000  -0.00000000     0.04087984  -0.03393483    -0.05990188  -0.00277962
    1    5
 -0.01558997   0.01272516     0.00000000  -0.00000000     0.00000000  -0.00000000
  0.00000000  -0.00000000    -0.03079925   0.02275381     0.01789634  -0.01676363
  0.00000000  -0.00000000     0.01918680  -0.01748769    -0.04985722   0.02201069
    2    1
 -0.01206545  -0.01510791     0.00000000  -0.00000000     0.00000000  -0.00000000
  0.00000000  -0.00000000     0.02684545   0.03780530    -0.00008782  -0.09456726
  0.00000000  -0.00000000    -0.03548274  -0.10093700    -0.01620928  -0.06958961
    2    2
  0.17242923  -0.00000000     0.00000000  -0.00000000     0.00000000  -0.00000000
  0.00000000  -0.00000000     0.36847506  -0.00000000    -0.06682860   0.05378936
  0.00000000  -0.00000000    -0.06682860  -0.05378936     0.81071617  -0.00000000
    2    3
 -0.04015155   0.00054682     0.00000000  -0.00000000     0.00000000  -0.00000000
  0.00000000  -0.00000000    -0.06398992   0.03205006     0.05595305  -0.05517066
  0.00000000  -0.00000000     0.02025091  -0.01978595    -0.56131912  -0.02466074
    2    4
  0.00112530  -0.00090157     0.00000000  -0.00000000     0.00000000  -0.00000000
  0.00000000  -0.00000000    -0.14675118  -0.09929224     0.02051573   0.02052816
  0.00000000  -0.00000000     0.03793401   0.04649811    -0.07672981  -0.02711940
    2    5
 -0.10306555  -0.00051245     0.00000000  -0.00000000     0.00000000  -0.00000000
  0.00000000  -0.00000000    -0.07361229  -0.01283377     0.02261899   0.01861970
  0.00000000  -0.00000000     0.04666838   0.02405970    -0.08518247   0.00520947
    3    1
 -0.00484117   0.01231256     0.00000000  -0.00000000     0.00000000  -0.00000000
  0.00000000  -0.00000000     0.00252994  -0.00995659     0.01295962   0.02070385
  0.00000000  -0.00000000     0.03362819   0.06453698     0.00891105   0.01742180
    3    2
 -0.04015155  -0.00054682     0.00000000  -0.00000000     0.00000000  -0.00000000
  0.00000000  -0.00000000    -0.06398992  -0.03205006     0.02025091   0.01978595
  0.00000000  -0.00000000     0.05595305   0.05517066    -0.56131912   0.02466074
    3    3
  0.05059683  -0.00000000     0.00000000  -0.00000000     0.00000000  -0.00000000
  0.00000000  -0.00000000     0.06356308  -0.00000000    -0.02062558  -0.01442904
  0.00000000  -0.00000000    -0.02062558   0.01442904     0.60091576  -0.00000000
    3    4
  0.00534607  -0.01018571     0.00000000  -0.00000000     0.00000000  -0.00000000
  0.00000000  -0.00000000     0.00476364   0.01899049    -0.00793966  -0.02892932
  0.00000000  -0.00000000     0.00558564  -0.10143478     0.00336055  -0.02701082
    3    5
 -0.00240863  -0.01100401     0.00000000  -0.00000000     0.00000000  -0.00000000
  0.00000000  -0.00000000     0.00820402   0.01315763    -0.01583390  -0.00440999
  0.00000000  -0.00000000    -0.03622878  -0.02185845    -0.02637399  -0.01098558
    4    1
  0.00060988   0.00207247     0.00000000  -0.00000000     0.00000000  -0.00000000
  0.00000000  -0.00000000    -0.08803620  -0.02863648     0.04087984   0.03393483
  0.00000000  -0.00000000     0.02003799   0.00940298    -0.05990188   0.00277962
    4    2
  0.00112530   0.00090157     0.00000000  -0.00000000     0.00000000  -0.00000000
  0.00000000  -0.00000000    -0.14675118   0.09929224     0.03793401  -0.04649811
  0.00000000  -0.00000000     0.02051573  -0.02052816    -0.07672981   0.02711940
    4    3
  0.00534607   0.01018571     0.00000000  -0.00000000     0.00000000  -0.00000000
  0.00000000  -0.00000000     0.00476364  -0.01899049     0.00558564   0.10143478
  0.00000000  -0.00000000    -0.00793966   0.02892932     0.00336055   0.02701082
    4    4
  0.12671475  -0.00000000     0.00000000  -0.00000000     0.00000000  -0.00000000
  0.00000000  -0.00000000     0.36541006  -0.00000000    -0.02472691  -0.02892103
  0.00000000  -0.00000000    -0.02472691   0.02892103     0.13137096  -0.00000000
    4    5
 -0.06781053   0.04903573     0.00000000  -0.00000000     0.00000000  -0.00000000
  0.00000000  -0.00000000    -0.02745955   0.03696926    -0.03224688  -0.01200652
  0.00000000  -0.00000000    -0.01166276   0.01141225     0.02902499  -0.01432014
    5    1
 -0.01558997  -0.01272516     0.00000000  -0.00000000     0.00000000  -0.00000000
  0.00000000  -0.00000000    -0.03079925  -0.02275381     0.01918680   0.01748769
  0.00000000  -0.00000000     0.01789634   0.01676363    -0.04985722  -0.02201069
    5    2
 -0.10306555   0.00051245     0.00000000  -0.00000000     0.00000000  -0.00000000
  0.00000000  -0.00000000    -0.07361229   0.01283377     0.04666838  -0.02405970
  0.00000000  -0.00000000     0.02261899  -0.01861970    -0.08518247  -0.00520947
    5    3
 -0.00240863   0.01100401     0.00000000  -0.00000000     0.00000000  -0.00000000
  0.00000000  -0.00000000     0.00820402  -0.01315763    -0.03622878   0.02185845
  0.00000000  -0.00000000    -0.01583390   0.00440999    -0.02637399   0.01098558
    5    4
 -0.06781053  -0.04903573     0.00000000  -0.00000000     0.00000000  -0.00000000
  0.00000000  -0.00000000    -0.02745955  -0.03696926    -0.01166276  -0.01141225
  0.00000000  -0.00000000    -0.03224688   0.01200652     0.02902499   0.01432014
    5    5
  0.24764098  -0.00000000     0.00000000  -0.00000000     0.00000000  -0.00000000
  0.00000000  -0.00000000     0.15526358  -0.00000000    -0.01608367   0.00338502
  0.00000000  -0.00000000    -0.01608367  -0.00338502     0.12894650  -0.00000000

     Diagonalizing the dynamical matrix

     q = (    0.000000000   0.199096104   0.161223883 ) 

 **************************************************************************
     freq (    1) =       1.376843 [THz] =      45.926541 [cm-1]
 ( -0.000000  0.000000 -0.231348 -0.003488  0.391840 -0.103698 ) 
 ( -0.000000  0.000000 -0.179610  0.045948  0.385209 -0.059857 ) 
 ( -0.000000  0.000000 -0.251251  0.185269  0.380355 -0.066928 ) 
 ( -0.000000  0.000000 -0.142032  0.059699  0.362738 -0.148674 ) 
 ( -0.000000 -0.000000 -0.142756 -0.003339  0.389131  0.000000 ) 
     freq (    2) =       1.422116 [THz] =      47.436700 [cm-1]
 ( -0.306924  0.784085  0.000000 -0.000000 -0.000000  0.000000 ) 
 ( -0.292712  0.118374  0.000000 -0.000000 -0.000000  0.000000 ) 
 ( -0.315260 -0.019492  0.000000 -0.000000 -0.000000  0.000000 ) 
 ( -0.132966  0.103353  0.000000 -0.000000 -0.000000  0.000000 ) 
 ( -0.239250  0.077097  0.000000 -0.000000 -0.000000  0.000000 ) 
     freq (    3) =       2.625249 [THz] =      87.568878 [cm-1]
 (  0.000000 -0.000000  0.530218 -0.387169  0.140880 -0.254418 ) 
 ( -0.000000 -0.000000  0.170137  0.068930  0.184598  0.031141 ) 
 ( -0.000000 -0.000000  0.115542  0.082343  0.236407  0.037593 ) 
 (  0.000000 -0.000000  0.196789 -0.216949  0.102992 -0.230699 ) 
 ( -0.000000 -0.000000  0.324833 -0.032571  0.286388  0.000000 ) 
     freq (    4) =       3.521320 [THz] =     117.458602 [cm-1]
 ( -0.019171  0.122457 -0.000000 -0.000000  0.000000 -0.000000 ) 
 (  0.447587 -0.197479  0.000000  0.000000 -0.000000 -0.000000 ) 
 (  0.526299 -0.501898  0.000000  0.000000 -0.000000 -0.000000 ) 
 (  0.260074 -0.179318  0.000000 -0.000000 -0.000000  0.000000 ) 
 (  0.336848 -0.056149  0.000000 -0.000000 -0.000000  0.000000 ) 
     freq (    5) =       4.248034 [THz] =     141.699147 [cm-1]
 (  0.000000 -0.000000 -0.081645 -0.102793  0.157892  0.089264 ) 
 ( -0.000000  0.000000  0.078143  0.298492 -0.192652  0.010885 ) 
 ( -0.000000  0.000000  0.519377  0.543301 -0.238959 -0.028518 ) 
 ( -0.000000  0.000000  0.173403  0.069011 -0.147845 -0.102225 ) 
 ( -0.000000 -0.000000  0.139122  0.167612 -0.282846  0.000000 ) 
     freq (    6) =       6.021904 [THz] =     200.869092 [cm-1]
 (  0.000000 -0.000000 -0.015018  0.078443 -0.160110  0.172475 ) 
 ( -0.000000 -0.000000  0.294560 -0.003541  0.404478 -0.028325 ) 
 (  0.000000 -0.000000  0.394694  0.398093  0.431147 -0.051896 ) 
 ( -0.000000  0.000000  0.084873 -0.087473  0.035755 -0.258621 ) 
 ( -0.000000  0.000000  0.155470 -0.001608  0.277529  0.000000 ) 
     freq (    7) =       6.838514 [THz] =     228.108277 [cm-1]
 (  0.043380  0.002217  0.000000 -0.000000  0.000000 -0.000000 ) 
 ( -0.291219 -0.134780 -0.000000 -0.000000 -0.000000  0.000000 ) 
 (  0.793719 -0.178690 -0.000000 -0.000000 -0.000000  0.000000 ) 
 ( -0.109729  0.371936  0.000000  0.000000  0.000000  0.000000 ) 
 ( -0.276902  0.078528  0.000000 -0.000000 -0.000000  0.000000 ) 
     freq (    8) =       7.454813 [THz] =     248.665796 [cm-1]
 ( -0.000000  0.000000 -0.028557  0.048039  0.059809 -0.020090 ) 
 (  0.000000 -0.000000  0.163614 -0.276069 -0.092200 -0.007296 ) 
 ( -0.000000  0.000000 -0.462184  0.437642 -0.120525  0.037035 ) 
 (  0.000000 -0.000000  0.107058 -0.282881 -0.006219 -0.173285 ) 
 (  0.000000 -0.000000  0.458244 -0.290198 -0.211102  0.000000 ) 
     freq (    9) =       8.676080 [THz] =     289.402865 [cm-1]
 (  0.000000  0.000000 -0.012680  0.007311  0.012481  0.001622 ) 
 ( -0.000000  0.000000  0.006438  0.052838 -0.044452 -0.021307 ) 
 (  0.000000  0.000000 -0.151664  0.149017 -0.044165  0.013121 ) 
 (  0.000000 -0.000000  0.077588 -0.011755 -0.578449  0.430120 ) 
 (  0.000000 -0.000000  0.149432 -0.000740  0.631616  0.000000 ) 
     freq (   10) =       8.717357 [THz] =     290.779717 [cm-1]
 (  0.008677  0.007978  0.000000 -0.000000 -0.000000  0.000000 ) 
 ( -0.248550  0.112627 -0.000000 -0.000000  0.000000  0.000000 ) 
 (  0.318196  0.128767  0.000000 -0.000000  0.000000 -0.000000 ) 
 (  0.240904 -0.817914 -0.000000  0.000000  0.000000 -0.000000 ) 
 (  0.209098 -0.191908 -0.000000  0.000000 -0.000000  0.000000 ) 
     freq (   11) =      10.789191 [THz] =     359.888671 [cm-1]
 ( -0.000000 -0.000000 -0.000485  0.014523 -0.020367 -0.009738 ) 
 ( -0.000000 -0.000000 -0.242397  0.153556  0.228381 -0.075905 ) 
 ( -0.000000  0.000000  0.009134 -0.131679  0.204397  0.065249 ) 
 (  0.000000  0.000000 -0.009245 -0.079904 -0.254338  0.283132 ) 
 (  0.000000  0.000000  0.607481 -0.112022 -0.512506  0.000000 ) 
     freq (   12) =      12.562884 [THz] =     419.052698 [cm-1]
 (  0.000000 -0.000000 -0.021291  0.001417 -0.038941  0.021697 ) 
 ( -0.000000 -0.000000 -0.176520 -0.000681 -0.094730  0.029173 ) 
 ( -0.000000  0.000000  0.195706 -0.125757 -0.215208 -0.000376 ) 
 (  0.000000 -0.000000  0.032113  0.318203  0.358580 -0.258544 ) 
 ( -0.000000  0.000000  0.569187 -0.234431  0.423677  0.000000 ) 
     freq (   13) =      14.981308 [THz] =     499.722637 [cm-1]
 ( -0.000207  0.007301  0.000000  0.000000 -0.000000 -0.000000 ) 
 ( -0.072368  0.104185  0.000000  0.000000  0.000000 -0.000000 ) 
 (  0.024743 -0.000499 -0.000000  0.000000 -0.000000 -0.000000 ) 
 (  0.014445  0.425481 -0.000000 -0.000000 -0.000000 -0.000000 ) 
 (  0.503108 -0.740866  0.000000  0.000000 -0.000000  0.000000 ) 
     freq (   14) =      17.506717 [THz] =     583.961232 [cm-1]
 ( -0.000000  0.000000 -0.014590  0.023321 -0.018632  0.026876 ) 
 ( -0.000000  0.000000 -0.107714  0.138540 -0.095608 -0.086448 ) 
 (  0.000000  0.000000  0.043677 -0.089531 -0.035884  0.166545 ) 
 ( -0.000000  0.000000 -0.117208 -0.881844  0.162703 -0.153760 ) 
 (  0.000000 -0.000000  0.036573  0.162056  0.206678  0.000000 ) 
     freq (   15) =      24.935950 [THz] =     831.773776 [cm-1]
 (  0.000000 -0.000000 -0.017974 -0.010077  0.004804 -0.000043 ) 
 ( -0.000000 -0.000000 -0.021580 -0.066883 -0.280407 -0.149082 ) 
 ( -0.000000 -0.000000  0.052439  0.001306  0.788923  0.448203 ) 
 (  0.000000 -0.000000  0.185008  0.164163  0.018969 -0.027472 ) 
 ( -0.000000  0.000000  0.036020  0.063923  0.006892  0.000000 ) 
 **************************************************************************
