Dynamical matrix file
default                                                                    
  3    5   0   7.2021431   0.0000000   0.0000000   0.0000000   0.0000000   0.0000000
Basis vectors
      1.004540000    0.000000000    0.000000000
      0.000000000    1.004540000    0.000000000
      0.000000000    0.000000000    1.240511000
           1  'Ti  '    43628.101584882053     
           2  'Sn  '    108197.54609942860     
           3  'O   '    14582.196445495396     
    1    2      0.0000000000      0.0000000000      1.1669813705
    2    1      0.5022700000      0.5022700000      0.6398993465
    3    3      0.5022700000      0.5022700000      0.1874332159
    4    3      0.5022700000      0.0000000000      0.7928383811
    5    3      0.0000000000      0.5022700000      0.7928383811

     Dynamical  Matrix in cartesian axes

     q = (    0.000000000   0.199096104   0.322447765 ) 

    1    1
  0.03376935   0.00000000     0.00000000   0.00000000     0.00000000   0.00000000
  0.00000000   0.00000000     0.08673575   0.00000000     0.01221715  -0.00971878
  0.00000000   0.00000000     0.01221715   0.00971878     0.20636359   0.00000000
    1    2
 -0.01191375   0.00477823     0.00000000   0.00000000     0.00000000   0.00000000
  0.00000000   0.00000000     0.00842631  -0.00025903     0.10210504   0.07262837
  0.00000000   0.00000000     0.08199138   0.07052691    -0.01191798  -0.01610209
    1    3
 -0.00481835   0.01330120     0.00000000   0.00000000     0.00000000   0.00000000
  0.00000000   0.00000000    -0.00199509   0.00510779    -0.06382287  -0.04318543
  0.00000000   0.00000000    -0.01551359  -0.01215739     0.00859567  -0.01093740
    1    4
 -0.00172218   0.00124063     0.00000000   0.00000000     0.00000000   0.00000000
  0.00000000   0.00000000    -0.04228571  -0.01252426    -0.00786332  -0.00838759
  0.00000000   0.00000000    -0.01682307  -0.05169011    -0.07524924   0.00115890
    1    5
 -0.01568547   0.01050471     0.00000000   0.00000000     0.00000000   0.00000000
  0.00000000   0.00000000    -0.01271803   0.00985547    -0.01705718  -0.00607899
  0.00000000   0.00000000    -0.01303598   0.00050330    -0.05351823   0.04470867
    2    1
 -0.01191375  -0.00477823     0.00000000   0.00000000     0.00000000   0.00000000
  0.00000000   0.00000000     0.00842631   0.00025903     0.08199138  -0.07052691
  0.00000000   0.00000000     0.10210504  -0.07262837    -0.01191798   0.01610209
    2    2
  0.17251145   0.00000000     0.00000000   0.00000000     0.00000000   0.00000000
  0.00000000   0.00000000     0.31826656   0.00000000     0.02787809   0.07448327
  0.00000000   0.00000000     0.02787809  -0.07448327     0.86754980   0.00000000
    2    3
 -0.03966574  -0.00034485     0.00000000   0.00000000     0.00000000   0.00000000
  0.00000000   0.00000000    -0.03216757  -0.01336081    -0.02224187  -0.07733776
  0.00000000   0.00000000    -0.00640644  -0.02469038    -0.62056279   0.01258520
    2    4
  0.00105238   0.00184356     0.00000000   0.00000000     0.00000000   0.00000000
  0.00000000   0.00000000    -0.10719539  -0.08080719    -0.01716108   0.00296253
  0.00000000   0.00000000    -0.03507810   0.00675775    -0.08035652  -0.07059744
    2    5
 -0.10234073   0.00031722     0.00000000   0.00000000     0.00000000   0.00000000
  0.00000000   0.00000000    -0.04000375   0.00561100    -0.00937053   0.01468688
  0.00000000   0.00000000    -0.01914442   0.04787439    -0.10498223  -0.00252779
    3    1
 -0.00481835  -0.01330120     0.00000000   0.00000000     0.00000000   0.00000000
  0.00000000   0.00000000    -0.00199509  -0.00510779    -0.01551359   0.01215739
  0.00000000   0.00000000    -0.06382287   0.04318543     0.00859567   0.01093740
    3    2
 -0.03966574   0.00034485     0.00000000   0.00000000     0.00000000   0.00000000
  0.00000000   0.00000000    -0.03216757   0.01336081    -0.00640644   0.02469038
  0.00000000   0.00000000    -0.02224187   0.07733776    -0.62056279  -0.01258520
    3    3
  0.04999018   0.00000000     0.00000000   0.00000000     0.00000000   0.00000000
  0.00000000   0.00000000     0.05605204   0.00000000     0.00849430  -0.02262511
  0.00000000   0.00000000     0.00849430   0.02262511     0.63919660   0.00000000
    3    4
  0.00532769   0.01256688     0.00000000   0.00000000     0.00000000   0.00000000
  0.00000000   0.00000000     0.00444150  -0.00043622     0.02951498  -0.02381927
  0.00000000   0.00000000     0.08456920  -0.07523061     0.00500461   0.01580313
    3    5
  0.01059179   0.00680111     0.00000000   0.00000000     0.00000000   0.00000000
  0.00000000   0.00000000     0.00008574  -0.00241530     0.00725565  -0.01623529
  0.00000000   0.00000000     0.01353927  -0.03903121    -0.00552867   0.00521427
    4    1
 -0.00172218  -0.00124063     0.00000000   0.00000000     0.00000000   0.00000000
  0.00000000   0.00000000    -0.04228571   0.01252426    -0.01682307   0.05169011
  0.00000000   0.00000000    -0.00786332   0.00838759    -0.07524924  -0.00115890
    4    2
  0.00105238  -0.00184356     0.00000000   0.00000000     0.00000000   0.00000000
  0.00000000   0.00000000    -0.10719539   0.08080719    -0.03507810  -0.00675775
  0.00000000   0.00000000    -0.01716108  -0.00296253    -0.08035652   0.07059744
    4    3
  0.00532769  -0.01256688     0.00000000   0.00000000     0.00000000   0.00000000
  0.00000000   0.00000000     0.00444150   0.00043622     0.08456920   0.07523061
  0.00000000   0.00000000     0.02951498   0.02381927     0.00500461  -0.01580313
    4    4
  0.12663525   0.00000000     0.00000000   0.00000000     0.00000000   0.00000000
  0.00000000   0.00000000     0.32640809   0.00000000     0.01017851  -0.03787379
  0.00000000   0.00000000     0.01017851   0.03787379     0.14205813   0.00000000
    4    5
 -0.06736151   0.04910267     0.00000000   0.00000000     0.00000000   0.00000000
  0.00000000   0.00000000    -0.06092439   0.03727275    -0.00972978  -0.02667761
  0.00000000   0.00000000     0.00716641  -0.00154766     0.03191673  -0.02604895
    5    1
 -0.01568547  -0.01050471     0.00000000   0.00000000     0.00000000   0.00000000
  0.00000000   0.00000000    -0.01271803  -0.00985547    -0.01303598  -0.00050330
  0.00000000   0.00000000    -0.01705718   0.00607899    -0.05351823  -0.04470867
    5    2
 -0.10234073  -0.00031722     0.00000000   0.00000000     0.00000000   0.00000000
  0.00000000   0.00000000    -0.04000375  -0.00561100    -0.01914442  -0.04787439
  0.00000000   0.00000000    -0.00937053  -0.01468688    -0.10498223   0.00252779
    5    3
  0.01059179  -0.00680111     0.00000000   0.00000000     0.00000000   0.00000000
  0.00000000   0.00000000     0.00008574   0.00241530     0.01353927   0.03903121
  0.00000000   0.00000000     0.00725565   0.01623529    -0.00552867  -0.00521427
    5    4
 -0.06736151  -0.04910267     0.00000000   0.00000000     0.00000000   0.00000000
  0.00000000   0.00000000    -0.06092439  -0.03727275     0.00716641   0.00154766
  0.00000000   0.00000000    -0.00972978   0.02667761     0.03191673   0.02604895
    5    5
  0.24595738   0.00000000     0.00000000   0.00000000     0.00000000   0.00000000
  0.00000000   0.00000000     0.13643295   0.00000000     0.00676983   0.00971564
  0.00000000   0.00000000     0.00676983  -0.00971564     0.13731180   0.00000000

     Dynamical  Matrix in cartesian axes

     q = (   -0.000000000  -0.199096104  -0.322447765 ) 

    1    1
  0.03376935  -0.00000000     0.00000000  -0.00000000     0.00000000  -0.00000000
  0.00000000  -0.00000000     0.08673575  -0.00000000     0.01221715   0.00971878
  0.00000000  -0.00000000     0.01221715  -0.00971878     0.20636359  -0.00000000
    1    2
 -0.01191375  -0.00477823     0.00000000  -0.00000000     0.00000000  -0.00000000
  0.00000000  -0.00000000     0.00842631   0.00025903     0.10210504  -0.07262837
  0.00000000  -0.00000000     0.08199138  -0.07052691    -0.01191798   0.01610209
    1    3
 -0.00481835  -0.01330120     0.00000000  -0.00000000     0.00000000  -0.00000000
  0.00000000  -0.00000000    -0.00199509  -0.00510779    -0.06382287   0.04318543
  0.00000000  -0.00000000    -0.01551359   0.01215739     0.00859567   0.01093740
    1    4
 -0.00172218  -0.00124063     0.00000000  -0.00000000     0.00000000  -0.00000000
  0.00000000  -0.00000000    -0.04228571   0.01252426    -0.00786332   0.00838759
  0.00000000  -0.00000000    -0.01682307   0.05169011    -0.07524924  -0.00115890
    1    5
 -0.01568547  -0.01050471     0.00000000  -0.00000000     0.00000000  -0.00000000
  0.00000000  -0.00000000    -0.01271803  -0.00985547    -0.01705718   0.00607899
  0.00000000  -0.00000000    -0.01303598  -0.00050330    -0.05351823  -0.04470867
    2    1
 -0.01191375   0.00477823     0.00000000  -0.00000000     0.00000000  -0.00000000
  0.00000000  -0.00000000     0.00842631  -0.00025903     0.08199138   0.07052691
  0.00000000  -0.00000000     0.10210504   0.07262837    -0.01191798  -0.01610209
    2    2
  0.17251145  -0.00000000     0.00000000  -0.00000000     0.00000000  -0.00000000
  0.00000000  -0.00000000     0.31826656  -0.00000000     0.02787809  -0.07448327
  0.00000000  -0.00000000     0.02787809   0.07448327     0.86754980  -0.00000000
    2    3
 -0.03966574   0.00034485     0.00000000  -0.00000000     0.00000000  -0.00000000
  0.00000000  -0.00000000    -0.03216757   0.01336081    -0.02224187   0.07733776
  0.00000000  -0.00000000    -0.00640644   0.02469038    -0.62056279  -0.01258520
    2    4
  0.00105238  -0.00184356     0.00000000  -0.00000000     0.00000000  -0.00000000
  0.00000000  -0.00000000    -0.10719539   0.08080719    -0.01716108  -0.00296253
  0.00000000  -0.00000000    -0.03507810  -0.00675775    -0.08035652   0.07059744
    2    5
 -0.10234073  -0.00031722     0.00000000  -0.00000000     0.00000000  -0.00000000
  0.00000000  -0.00000000    -0.04000375  -0.00561100    -0.00937053  -0.01468688
  0.00000000  -0.00000000    -0.01914442  -0.04787439    -0.10498223   0.00252779
    3    1
 -0.00481835   0.01330120     0.00000000  -0.00000000     0.00000000  -0.00000000
  0.00000000  -0.00000000    -0.00199509   0.00510779    -0.01551359  -0.01215739
  0.00000000  -0.00000000    -0.06382287  -0.04318543     0.00859567  -0.01093740
    3    2
 -0.03966574  -0.00034485     0.00000000  -0.00000000     0.00000000  -0.00000000
  0.00000000  -0.00000000    -0.03216757  -0.01336081    -0.00640644  -0.02469038
  0.00000000  -0.00000000    -0.02224187  -0.07733776    -0.62056279   0.01258520
    3    3
  0.04999018  -0.00000000     0.00000000  -0.00000000     0.00000000  -0.00000000
  0.00000000  -0.00000000     0.05605204  -0.00000000     0.00849430   0.02262511
  0.00000000  -0.00000000     0.00849430  -0.02262511     0.63919660  -0.00000000
    3    4
  0.00532769  -0.01256688     0.00000000  -0.00000000     0.00000000  -0.00000000
  0.00000000  -0.00000000     0.00444150   0.00043622     0.02951498   0.02381927
  0.00000000  -0.00000000     0.08456920   0.07523061     0.00500461  -0.01580313
    3    5
  0.01059179  -0.00680111     0.00000000  -0.00000000     0.00000000  -0.00000000
  0.00000000  -0.00000000     0.00008574   0.00241530     0.00725565   0.01623529
  0.00000000  -0.00000000     0.01353927   0.03903121    -0.00552867  -0.00521427
    4    1
 -0.00172218   0.00124063     0.00000000  -0.00000000     0.00000000  -0.00000000
  0.00000000  -0.00000000    -0.04228571  -0.01252426    -0.01682307  -0.05169011
  0.00000000  -0.00000000    -0.00786332  -0.00838759    -0.07524924   0.00115890
    4    2
  0.00105238   0.00184356     0.00000000  -0.00000000     0.00000000  -0.00000000
  0.00000000  -0.00000000    -0.10719539  -0.08080719    -0.03507810   0.00675775
  0.00000000  -0.00000000    -0.01716108   0.00296253    -0.08035652  -0.07059744
    4    3
  0.00532769   0.01256688     0.00000000  -0.00000000     0.00000000  -0.00000000
  0.00000000  -0.00000000     0.00444150  -0.00043622     0.08456920  -0.07523061
  0.00000000  -0.00000000     0.02951498  -0.02381927     0.00500461   0.01580313
    4    4
  0.12663525  -0.00000000     0.00000000  -0.00000000     0.00000000  -0.00000000
  0.00000000  -0.00000000     0.32640809  -0.00000000     0.01017851   0.03787379
  0.00000000  -0.00000000     0.01017851  -0.03787379     0.14205813  -0.00000000
    4    5
 -0.06736151  -0.04910267     0.00000000  -0.00000000     0.00000000  -0.00000000
  0.00000000  -0.00000000    -0.06092439  -0.03727275    -0.00972978   0.02667761
  0.00000000  -0.00000000     0.00716641   0.00154766     0.03191673   0.02604895
    5    1
 -0.01568547   0.01050471     0.00000000  -0.00000000     0.00000000  -0.00000000
  0.00000000  -0.00000000    -0.01271803   0.00985547    -0.01303598   0.00050330
  0.00000000  -0.00000000    -0.01705718  -0.00607899    -0.05351823   0.04470867
    5    2
 -0.10234073   0.00031722     0.00000000  -0.00000000     0.00000000  -0.00000000
  0.00000000  -0.00000000    -0.04000375   0.00561100    -0.01914442   0.04787439
  0.00000000  -0.00000000    -0.00937053   0.01468688    -0.10498223  -0.00252779
    5    3
  0.01059179   0.00680111     0.00000000  -0.00000000     0.00000000  -0.00000000
  0.00000000  -0.00000000     0.00008574  -0.00241530     0.01353927  -0.03903121
  0.00000000  -0.00000000     0.00725565  -0.01623529    -0.00552867   0.00521427
    5    4
 -0.06736151   0.04910267     0.00000000  -0.00000000     0.00000000  -0.00000000
  0.00000000  -0.00000000    -0.06092439   0.03727275     0.00716641  -0.00154766
  0.00000000  -0.00000000    -0.00972978  -0.02667761     0.03191673  -0.02604895
    5    5
  0.24595738  -0.00000000     0.00000000  -0.00000000     0.00000000  -0.00000000
  0.00000000  -0.00000000     0.13643295  -0.00000000     0.00676983  -0.00971564
  0.00000000  -0.00000000     0.00676983   0.00971564     0.13731180  -0.00000000

     Dynamical  Matrix in cartesian axes

     q = (    0.199096104   0.000000000   0.322447765 ) 

    1    1
  0.08673575   0.00000000     0.00000000   0.00000000     0.01221715  -0.00971878
  0.00000000   0.00000000     0.03376935   0.00000000     0.00000000   0.00000000
  0.01221715   0.00971878     0.00000000   0.00000000     0.20636359   0.00000000
    1    2
  0.00842631  -0.00025903     0.00000000   0.00000000     0.10210504   0.07262837
  0.00000000   0.00000000    -0.01191375   0.00477823     0.00000000   0.00000000
  0.08199138   0.07052691     0.00000000   0.00000000    -0.01191798  -0.01610209
    1    3
 -0.00199509   0.00510779     0.00000000   0.00000000    -0.06382287  -0.04318543
  0.00000000   0.00000000    -0.00481835   0.01330120     0.00000000   0.00000000
 -0.01551359  -0.01215739     0.00000000   0.00000000     0.00859567  -0.01093740
    1    4
 -0.01271803   0.00985547     0.00000000   0.00000000    -0.01705718  -0.00607899
  0.00000000   0.00000000    -0.01568547   0.01050471     0.00000000   0.00000000
 -0.01303598   0.00050330     0.00000000   0.00000000    -0.05351823   0.04470867
    1    5
 -0.04228571  -0.01252426     0.00000000   0.00000000    -0.00786332  -0.00838759
  0.00000000   0.00000000    -0.00172218   0.00124063     0.00000000   0.00000000
 -0.01682307  -0.05169011     0.00000000   0.00000000    -0.07524924   0.00115890
    2    1
  0.00842631   0.00025903     0.00000000   0.00000000     0.08199138  -0.07052691
  0.00000000   0.00000000    -0.01191375  -0.00477823     0.00000000   0.00000000
  0.10210504  -0.07262837     0.00000000   0.00000000    -0.01191798   0.01610209
    2    2
  0.31826656   0.00000000     0.00000000   0.00000000     0.02787809   0.07448327
  0.00000000   0.00000000     0.17251145   0.00000000     0.00000000   0.00000000
  0.02787809  -0.07448327     0.00000000   0.00000000     0.86754980   0.00000000
    2    3
 -0.03216757  -0.01336081     0.00000000   0.00000000    -0.02224187  -0.07733776
  0.00000000   0.00000000    -0.03966574  -0.00034485     0.00000000   0.00000000
 -0.00640644  -0.02469038     0.00000000   0.00000000    -0.62056279   0.01258520
    2    4
 -0.04000375   0.00561100     0.00000000   0.00000000    -0.00937053   0.01468688
  0.00000000   0.00000000    -0.10234073   0.00031722     0.00000000   0.00000000
 -0.01914442   0.04787439     0.00000000   0.00000000    -0.10498223  -0.00252779
    2    5
 -0.10719539  -0.08080719     0.00000000   0.00000000    -0.01716108   0.00296253
  0.00000000   0.00000000     0.00105238   0.00184356     0.00000000   0.00000000
 -0.03507810   0.00675775     0.00000000   0.00000000    -0.08035652  -0.07059744
    3    1
 -0.00199509  -0.00510779     0.00000000   0.00000000    -0.01551359   0.01215739
  0.00000000   0.00000000    -0.00481835  -0.01330120     0.00000000   0.00000000
 -0.06382287   0.04318543     0.00000000   0.00000000     0.00859567   0.01093740
    3    2
 -0.03216757   0.01336081     0.00000000   0.00000000    -0.00640644   0.02469038
  0.00000000   0.00000000    -0.03966574   0.00034485     0.00000000   0.00000000
 -0.02224187   0.07733776     0.00000000   0.00000000    -0.62056279  -0.01258520
    3    3
  0.05605204   0.00000000     0.00000000   0.00000000     0.00849430  -0.02262511
  0.00000000   0.00000000     0.04999018   0.00000000     0.00000000   0.00000000
  0.00849430   0.02262511     0.00000000   0.00000000     0.63919660   0.00000000
    3    4
  0.00008574  -0.00241530     0.00000000   0.00000000     0.00725565  -0.01623529
  0.00000000   0.00000000     0.01059179   0.00680111     0.00000000   0.00000000
  0.01353927  -0.03903121     0.00000000   0.00000000    -0.00552867   0.00521427
    3    5
  0.00444150  -0.00043622     0.00000000   0.00000000     0.02951498  -0.02381927
  0.00000000   0.00000000     0.00532769   0.01256688     0.00000000   0.00000000
  0.08456920  -0.07523061     0.00000000   0.00000000     0.00500461   0.01580313
    4    1
 -0.01271803  -0.00985547     0.00000000   0.00000000    -0.01303598  -0.00050330
  0.00000000   0.00000000    -0.01568547  -0.01050471     0.00000000   0.00000000
 -0.01705718   0.00607899     0.00000000   0.00000000    -0.05351823  -0.04470867
    4    2
 -0.04000375  -0.00561100     0.00000000   0.00000000    -0.01914442  -0.04787439
  0.00000000   0.00000000    -0.10234073  -0.00031722     0.00000000   0.00000000
 -0.00937053  -0.01468688     0.00000000   0.00000000    -0.10498223   0.00252779
    4    3
  0.00008574   0.00241530     0.00000000   0.00000000     0.01353927   0.03903121
  0.00000000   0.00000000     0.01059179  -0.00680111     0.00000000   0.00000000
  0.00725565   0.01623529     0.00000000   0.00000000    -0.00552867  -0.00521427
    4    4
  0.13643295   0.00000000     0.00000000   0.00000000     0.00676983   0.00971564
  0.00000000   0.00000000     0.24595738   0.00000000     0.00000000   0.00000000
  0.00676983  -0.00971564     0.00000000   0.00000000     0.13731180   0.00000000
    4    5
 -0.06092439  -0.03727275     0.00000000   0.00000000     0.00716641   0.00154766
  0.00000000   0.00000000    -0.06736151  -0.04910267     0.00000000   0.00000000
 -0.00972978   0.02667761     0.00000000   0.00000000     0.03191673   0.02604895
    5    1
 -0.04228571   0.01252426     0.00000000   0.00000000    -0.01682307   0.05169011
  0.00000000   0.00000000    -0.00172218  -0.00124063     0.00000000   0.00000000
 -0.00786332   0.00838759     0.00000000   0.00000000    -0.07524924  -0.00115890
    5    2
 -0.10719539   0.08080719     0.00000000   0.00000000    -0.03507810  -0.00675775
  0.00000000   0.00000000     0.00105238  -0.00184356     0.00000000   0.00000000
 -0.01716108  -0.00296253     0.00000000   0.00000000    -0.08035652   0.07059744
    5    3
  0.00444150   0.00043622     0.00000000   0.00000000     0.08456920   0.07523061
  0.00000000   0.00000000     0.00532769  -0.01256688     0.00000000   0.00000000
  0.02951498   0.02381927     0.00000000   0.00000000     0.00500461  -0.01580313
    5    4
 -0.06092439   0.03727275     0.00000000   0.00000000    -0.00972978  -0.02667761
  0.00000000   0.00000000    -0.06736151   0.04910267     0.00000000   0.00000000
  0.00716641  -0.00154766     0.00000000   0.00000000     0.03191673  -0.02604895
    5    5
  0.32640809   0.00000000     0.00000000   0.00000000     0.01017851  -0.03787379
  0.00000000   0.00000000     0.12663525   0.00000000     0.00000000   0.00000000
  0.01017851   0.03787379     0.00000000   0.00000000     0.14205813   0.00000000

     Dynamical  Matrix in cartesian axes

     q = (   -0.199096104  -0.000000000  -0.322447765 ) 

    1    1
  0.08673575  -0.00000000     0.00000000  -0.00000000     0.01221715   0.00971878
  0.00000000  -0.00000000     0.03376935  -0.00000000     0.00000000  -0.00000000
  0.01221715  -0.00971878     0.00000000  -0.00000000     0.20636359  -0.00000000
    1    2
  0.00842631   0.00025903     0.00000000  -0.00000000     0.10210504  -0.07262837
  0.00000000  -0.00000000    -0.01191375  -0.00477823     0.00000000  -0.00000000
  0.08199138  -0.07052691     0.00000000  -0.00000000    -0.01191798   0.01610209
    1    3
 -0.00199509  -0.00510779     0.00000000  -0.00000000    -0.06382287   0.04318543
  0.00000000  -0.00000000    -0.00481835  -0.01330120     0.00000000  -0.00000000
 -0.01551359   0.01215739     0.00000000  -0.00000000     0.00859567   0.01093740
    1    4
 -0.01271803  -0.00985547     0.00000000  -0.00000000    -0.01705718   0.00607899
  0.00000000  -0.00000000    -0.01568547  -0.01050471     0.00000000  -0.00000000
 -0.01303598  -0.00050330     0.00000000  -0.00000000    -0.05351823  -0.04470867
    1    5
 -0.04228571   0.01252426     0.00000000  -0.00000000    -0.00786332   0.00838759
  0.00000000  -0.00000000    -0.00172218  -0.00124063     0.00000000  -0.00000000
 -0.01682307   0.05169011     0.00000000  -0.00000000    -0.07524924  -0.00115890
    2    1
  0.00842631  -0.00025903     0.00000000  -0.00000000     0.08199138   0.07052691
  0.00000000  -0.00000000    -0.01191375   0.00477823     0.00000000  -0.00000000
  0.10210504   0.07262837     0.00000000  -0.00000000    -0.01191798  -0.01610209
    2    2
  0.31826656  -0.00000000     0.00000000  -0.00000000     0.02787809  -0.07448327
  0.00000000  -0.00000000     0.17251145  -0.00000000     0.00000000  -0.00000000
  0.02787809   0.07448327     0.00000000  -0.00000000     0.86754980  -0.00000000
    2    3
 -0.03216757   0.01336081     0.00000000  -0.00000000    -0.02224187   0.07733776
  0.00000000  -0.00000000    -0.03966574   0.00034485     0.00000000  -0.00000000
 -0.00640644   0.02469038     0.00000000  -0.00000000    -0.62056279  -0.01258520
    2    4
 -0.04000375  -0.00561100     0.00000000  -0.00000000    -0.00937053  -0.01468688
  0.00000000  -0.00000000    -0.10234073  -0.00031722     0.00000000  -0.00000000
 -0.01914442  -0.04787439     0.00000000  -0.00000000    -0.10498223   0.00252779
    2    5
 -0.10719539   0.08080719     0.00000000  -0.00000000    -0.01716108  -0.00296253
  0.00000000  -0.00000000     0.00105238  -0.00184356     0.00000000  -0.00000000
 -0.03507810  -0.00675775     0.00000000  -0.00000000    -0.08035652   0.07059744
    3    1
 -0.00199509   0.00510779     0.00000000  -0.00000000    -0.01551359  -0.01215739
  0.00000000  -0.00000000    -0.00481835   0.01330120     0.00000000  -0.00000000
 -0.06382287  -0.04318543     0.00000000  -0.00000000     0.00859567  -0.01093740
    3    2
 -0.03216757  -0.01336081     0.00000000  -0.00000000    -0.00640644  -0.02469038
  0.00000000  -0.00000000    -0.03966574  -0.00034485     0.00000000  -0.00000000
 -0.02224187  -0.07733776     0.00000000  -0.00000000    -0.62056279   0.01258520
    3    3
  0.05605204  -0.00000000     0.00000000  -0.00000000     0.00849430   0.02262511
  0.00000000  -0.00000000     0.04999018  -0.00000000     0.00000000  -0.00000000
  0.00849430  -0.02262511     0.00000000  -0.00000000     0.63919660  -0.00000000
    3    4
  0.00008574   0.00241530     0.00000000  -0.00000000     0.00725565   0.01623529
  0.00000000  -0.00000000     0.01059179  -0.00680111     0.00000000  -0.00000000
  0.01353927   0.03903121     0.00000000  -0.00000000    -0.00552867  -0.00521427
    3    5
  0.00444150   0.00043622     0.00000000  -0.00000000     0.02951498   0.02381927
  0.00000000  -0.00000000     0.00532769  -0.01256688     0.00000000  -0.00000000
  0.08456920   0.07523061     0.00000000  -0.00000000     0.00500461  -0.01580313
    4    1
 -0.01271803   0.00985547     0.00000000  -0.00000000    -0.01303598   0.00050330
  0.00000000  -0.00000000    -0.01568547   0.01050471     0.00000000  -0.00000000
 -0.01705718  -0.00607899     0.00000000  -0.00000000    -0.05351823   0.04470867
    4    2
 -0.04000375   0.00561100     0.00000000  -0.00000000    -0.01914442   0.04787439
  0.00000000  -0.00000000    -0.10234073   0.00031722     0.00000000  -0.00000000
 -0.00937053   0.01468688     0.00000000  -0.00000000    -0.10498223  -0.00252779
    4    3
  0.00008574  -0.00241530     0.00000000  -0.00000000     0.01353927  -0.03903121
  0.00000000  -0.00000000     0.01059179   0.00680111     0.00000000  -0.00000000
  0.00725565  -0.01623529     0.00000000  -0.00000000    -0.00552867   0.00521427
    4    4
  0.13643295  -0.00000000     0.00000000  -0.00000000     0.00676983  -0.00971564
  0.00000000  -0.00000000     0.24595738  -0.00000000     0.00000000  -0.00000000
  0.00676983   0.00971564     0.00000000  -0.00000000     0.13731180  -0.00000000
    4    5
 -0.06092439   0.03727275     0.00000000  -0.00000000     0.00716641  -0.00154766
  0.00000000  -0.00000000    -0.06736151   0.04910267     0.00000000  -0.00000000
 -0.00972978  -0.02667761     0.00000000  -0.00000000     0.03191673  -0.02604895
    5    1
 -0.04228571  -0.01252426     0.00000000  -0.00000000    -0.01682307  -0.05169011
  0.00000000  -0.00000000    -0.00172218   0.00124063     0.00000000  -0.00000000
 -0.00786332  -0.00838759     0.00000000  -0.00000000    -0.07524924   0.00115890
    5    2
 -0.10719539  -0.08080719     0.00000000  -0.00000000    -0.03507810   0.00675775
  0.00000000  -0.00000000     0.00105238   0.00184356     0.00000000  -0.00000000
 -0.01716108   0.00296253     0.00000000  -0.00000000    -0.08035652  -0.07059744
    5    3
  0.00444150  -0.00043622     0.00000000  -0.00000000     0.08456920  -0.07523061
  0.00000000  -0.00000000     0.00532769   0.01256688     0.00000000  -0.00000000
  0.02951498  -0.02381927     0.00000000  -0.00000000     0.00500461   0.01580313
    5    4
 -0.06092439  -0.03727275     0.00000000  -0.00000000    -0.00972978   0.02667761
  0.00000000  -0.00000000    -0.06736151  -0.04910267     0.00000000  -0.00000000
  0.00716641   0.00154766     0.00000000  -0.00000000     0.03191673   0.02604895
    5    5
  0.32640809  -0.00000000     0.00000000  -0.00000000     0.01017851   0.03787379
  0.00000000  -0.00000000     0.12663525  -0.00000000     0.00000000  -0.00000000
  0.01017851  -0.03787379     0.00000000  -0.00000000     0.14205813  -0.00000000

     Dynamical  Matrix in cartesian axes

     q = (   -0.199096104   0.000000000   0.322447765 ) 

    1    1
  0.08673575   0.00000000     0.00000000   0.00000000    -0.01221715   0.00971878
  0.00000000   0.00000000     0.03376935   0.00000000     0.00000000   0.00000000
 -0.01221715  -0.00971878     0.00000000   0.00000000     0.20636359   0.00000000
    1    2
  0.00285023   0.00793386     0.00000000   0.00000000     0.03752149  -0.11955106
  0.00000000   0.00000000    -0.00822592  -0.00985410     0.00000000   0.00000000
  0.04173835  -0.09977245     0.00000000   0.00000000     0.01163114  -0.01631049
    1    3
 -0.00547431  -0.00031905     0.00000000   0.00000000    -0.02134943   0.07404419
  0.00000000   0.00000000    -0.01413915  -0.00047222     0.00000000   0.00000000
 -0.00676840   0.01851115     0.00000000   0.00000000     0.01305830   0.00479513
    1    4
 -0.01330320  -0.00905006     0.00000000   0.00000000    -0.00051050   0.01810085
  0.00000000   0.00000000    -0.01483765  -0.01167164     0.00000000   0.00000000
  0.00450701   0.01224242     0.00000000   0.00000000    -0.05905851  -0.03708312
    1    5
 -0.04228571  -0.01252426     0.00000000   0.00000000     0.00786332   0.00838759
  0.00000000   0.00000000    -0.00172218   0.00124063     0.00000000   0.00000000
  0.01682307   0.05169011     0.00000000   0.00000000    -0.07524924   0.00115890
    2    1
  0.00285023  -0.00793386     0.00000000   0.00000000     0.04173835   0.09977245
  0.00000000   0.00000000    -0.00822592   0.00985410     0.00000000   0.00000000
  0.03752149   0.11955106     0.00000000   0.00000000     0.01163114   0.01631049
    2    2
  0.31826656   0.00000000     0.00000000   0.00000000    -0.02787809  -0.07448327
  0.00000000   0.00000000     0.17251145   0.00000000     0.00000000   0.00000000
 -0.02787809   0.07448327     0.00000000   0.00000000     0.86754980   0.00000000
    2    3
 -0.03216757  -0.01336081     0.00000000   0.00000000     0.02224187   0.07733776
  0.00000000   0.00000000    -0.03966574  -0.00034485     0.00000000   0.00000000
  0.00640644   0.02469038     0.00000000   0.00000000    -0.62056279   0.01258520
    2    4
 -0.04000375   0.00561100     0.00000000   0.00000000     0.00937053  -0.01468688
  0.00000000   0.00000000    -0.10234073   0.00031722     0.00000000   0.00000000
  0.01914442  -0.04787439     0.00000000   0.00000000    -0.10498223  -0.00252779
    2    5
 -0.10997741   0.07697808     0.00000000   0.00000000     0.00248553  -0.01723663
  0.00000000   0.00000000     0.00207853  -0.00043118     0.00000000   0.00000000
  0.00441273  -0.03544952     0.00000000   0.00000000    -0.09197369   0.05460779
    3    1
 -0.00547431   0.00031905     0.00000000   0.00000000    -0.00676840  -0.01851115
  0.00000000   0.00000000    -0.01413915   0.00047222     0.00000000   0.00000000
 -0.02134943  -0.07404419     0.00000000   0.00000000     0.01305830  -0.00479513
    3    2
 -0.03216757   0.01336081     0.00000000   0.00000000     0.00640644  -0.02469038
  0.00000000   0.00000000    -0.03966574   0.00034485     0.00000000   0.00000000
  0.02224187  -0.07733776     0.00000000   0.00000000    -0.62056279  -0.01258520
    3    3
  0.05605204   0.00000000     0.00000000   0.00000000    -0.00849430   0.02262511
  0.00000000   0.00000000     0.04999018   0.00000000     0.00000000   0.00000000
 -0.00849430  -0.02262511     0.00000000   0.00000000     0.63919660   0.00000000
    3    4
  0.00008574  -0.00241530     0.00000000   0.00000000    -0.00725565   0.01623529
  0.00000000   0.00000000     0.01059179   0.00680111     0.00000000   0.00000000
 -0.01353927   0.03903121     0.00000000   0.00000000    -0.00552867   0.00521427
    3    5
  0.00095763  -0.00435892     0.00000000   0.00000000     0.01353285   0.03543098
  0.00000000   0.00000000     0.01359816  -0.00118356     0.00000000   0.00000000
  0.04541524   0.10367762     0.00000000   0.00000000     0.01657618   0.00012376
    4    1
 -0.01330320   0.00905006     0.00000000   0.00000000     0.00450701  -0.01224242
  0.00000000   0.00000000    -0.01483765   0.01167164     0.00000000   0.00000000
 -0.00051050  -0.01810085     0.00000000   0.00000000    -0.05905851   0.03708312
    4    2
 -0.04000375  -0.00561100     0.00000000   0.00000000     0.01914442   0.04787439
  0.00000000   0.00000000    -0.10234073  -0.00031722     0.00000000   0.00000000
  0.00937053   0.01468688     0.00000000   0.00000000    -0.10498223   0.00252779
    4    3
  0.00008574   0.00241530     0.00000000   0.00000000    -0.01353927  -0.03903121
  0.00000000   0.00000000     0.01059179  -0.00680111     0.00000000   0.00000000
 -0.00725565  -0.01623529     0.00000000   0.00000000    -0.00552867  -0.00521427
    4    4
  0.13643295   0.00000000     0.00000000   0.00000000    -0.00676983  -0.00971564
  0.00000000   0.00000000     0.24595738   0.00000000     0.00000000   0.00000000
 -0.00676983   0.00971564     0.00000000   0.00000000     0.13731180   0.00000000
    4    5
 -0.05427516   0.04642462     0.00000000   0.00000000    -0.00368645   0.00633740
  0.00000000   0.00000000    -0.06751527   0.04889104     0.00000000   0.00000000
 -0.02236525  -0.01749741     0.00000000   0.00000000     0.03463683  -0.02230504
    5    1
 -0.04228571   0.01252426     0.00000000   0.00000000     0.01682307  -0.05169011
  0.00000000   0.00000000    -0.00172218  -0.00124063     0.00000000   0.00000000
  0.00786332  -0.00838759     0.00000000   0.00000000    -0.07524924  -0.00115890
    5    2
 -0.10997741  -0.07697808     0.00000000   0.00000000     0.00441273   0.03544952
  0.00000000   0.00000000     0.00207853   0.00043118     0.00000000   0.00000000
  0.00248553   0.01723663     0.00000000   0.00000000    -0.09197369  -0.05460779
    5    3
  0.00095763   0.00435892     0.00000000   0.00000000     0.04541524  -0.10367762
  0.00000000   0.00000000     0.01359816   0.00118356     0.00000000   0.00000000
  0.01353285  -0.03543098     0.00000000   0.00000000     0.01657618  -0.00012376
    5    4
 -0.05427516  -0.04642462     0.00000000   0.00000000    -0.02236525   0.01749741
  0.00000000   0.00000000    -0.06751527  -0.04889104     0.00000000   0.00000000
 -0.00368645  -0.00633740     0.00000000   0.00000000     0.03463683   0.02230504
    5    5
  0.32640809   0.00000000     0.00000000   0.00000000    -0.01017851   0.03787379
  0.00000000   0.00000000     0.12663525   0.00000000     0.00000000   0.00000000
 -0.01017851  -0.03787379     0.00000000   0.00000000     0.14205813   0.00000000

     Dynamical  Matrix in cartesian axes

     q = (    0.199096104  -0.000000000  -0.322447765 ) 

    1    1
  0.08673575  -0.00000000     0.00000000  -0.00000000    -0.01221715  -0.00971878
  0.00000000  -0.00000000     0.03376935  -0.00000000     0.00000000  -0.00000000
 -0.01221715   0.00971878     0.00000000  -0.00000000     0.20636359  -0.00000000
    1    2
  0.00285023  -0.00793386     0.00000000  -0.00000000     0.03752149   0.11955106
  0.00000000  -0.00000000    -0.00822592   0.00985410     0.00000000  -0.00000000
  0.04173835   0.09977245     0.00000000  -0.00000000     0.01163114   0.01631049
    1    3
 -0.00547431   0.00031905     0.00000000  -0.00000000    -0.02134943  -0.07404419
  0.00000000  -0.00000000    -0.01413915   0.00047222     0.00000000  -0.00000000
 -0.00676840  -0.01851115     0.00000000  -0.00000000     0.01305830  -0.00479513
    1    4
 -0.01330320   0.00905006     0.00000000  -0.00000000    -0.00051050  -0.01810085
  0.00000000  -0.00000000    -0.01483765   0.01167164     0.00000000  -0.00000000
  0.00450701  -0.01224242     0.00000000  -0.00000000    -0.05905851   0.03708312
    1    5
 -0.04228571   0.01252426     0.00000000  -0.00000000     0.00786332  -0.00838759
  0.00000000  -0.00000000    -0.00172218  -0.00124063     0.00000000  -0.00000000
  0.01682307  -0.05169011     0.00000000  -0.00000000    -0.07524924  -0.00115890
    2    1
  0.00285023   0.00793386     0.00000000  -0.00000000     0.04173835  -0.09977245
  0.00000000  -0.00000000    -0.00822592  -0.00985410     0.00000000  -0.00000000
  0.03752149  -0.11955106     0.00000000  -0.00000000     0.01163114  -0.01631049
    2    2
  0.31826656  -0.00000000     0.00000000  -0.00000000    -0.02787809   0.07448327
  0.00000000  -0.00000000     0.17251145  -0.00000000     0.00000000  -0.00000000
 -0.02787809  -0.07448327     0.00000000  -0.00000000     0.86754980  -0.00000000
    2    3
 -0.03216757   0.01336081     0.00000000  -0.00000000     0.02224187  -0.07733776
  0.00000000  -0.00000000    -0.03966574   0.00034485     0.00000000  -0.00000000
  0.00640644  -0.02469038     0.00000000  -0.00000000    -0.62056279  -0.01258520
    2    4
 -0.04000375  -0.00561100     0.00000000  -0.00000000     0.00937053   0.01468688
  0.00000000  -0.00000000    -0.10234073  -0.00031722     0.00000000  -0.00000000
  0.01914442   0.04787439     0.00000000  -0.00000000    -0.10498223   0.00252779
    2    5
 -0.10997741  -0.07697808     0.00000000  -0.00000000     0.00248553   0.01723663
  0.00000000  -0.00000000     0.00207853   0.00043118     0.00000000  -0.00000000
  0.00441273   0.03544952     0.00000000  -0.00000000    -0.09197369  -0.05460779
    3    1
 -0.00547431  -0.00031905     0.00000000  -0.00000000    -0.00676840   0.01851115
  0.00000000  -0.00000000    -0.01413915  -0.00047222     0.00000000  -0.00000000
 -0.02134943   0.07404419     0.00000000  -0.00000000     0.01305830   0.00479513
    3    2
 -0.03216757  -0.01336081     0.00000000  -0.00000000     0.00640644   0.02469038
  0.00000000  -0.00000000    -0.03966574  -0.00034485     0.00000000  -0.00000000
  0.02224187   0.07733776     0.00000000  -0.00000000    -0.62056279   0.01258520
    3    3
  0.05605204  -0.00000000     0.00000000  -0.00000000    -0.00849430  -0.02262511
  0.00000000  -0.00000000     0.04999018  -0.00000000     0.00000000  -0.00000000
 -0.00849430   0.02262511     0.00000000  -0.00000000     0.63919660  -0.00000000
    3    4
  0.00008574   0.00241530     0.00000000  -0.00000000    -0.00725565  -0.01623529
  0.00000000  -0.00000000     0.01059179  -0.00680111     0.00000000  -0.00000000
 -0.01353927  -0.03903121     0.00000000  -0.00000000    -0.00552867  -0.00521427
    3    5
  0.00095763   0.00435892     0.00000000  -0.00000000     0.01353285  -0.03543098
  0.00000000  -0.00000000     0.01359816   0.00118356     0.00000000  -0.00000000
  0.04541524  -0.10367762     0.00000000  -0.00000000     0.01657618  -0.00012376
    4    1
 -0.01330320  -0.00905006     0.00000000  -0.00000000     0.00450701   0.01224242
  0.00000000  -0.00000000    -0.01483765  -0.01167164     0.00000000  -0.00000000
 -0.00051050   0.01810085     0.00000000  -0.00000000    -0.05905851  -0.03708312
    4    2
 -0.04000375   0.00561100     0.00000000  -0.00000000     0.01914442  -0.04787439
  0.00000000  -0.00000000    -0.10234073   0.00031722     0.00000000  -0.00000000
  0.00937053  -0.01468688     0.00000000  -0.00000000    -0.10498223  -0.00252779
    4    3
  0.00008574  -0.00241530     0.00000000  -0.00000000    -0.01353927   0.03903121
  0.00000000  -0.00000000     0.01059179   0.00680111     0.00000000  -0.00000000
 -0.00725565   0.01623529     0.00000000  -0.00000000    -0.00552867   0.00521427
    4    4
  0.13643295  -0.00000000     0.00000000  -0.00000000    -0.00676983   0.00971564
  0.00000000  -0.00000000     0.24595738  -0.00000000     0.00000000  -0.00000000
 -0.00676983  -0.00971564     0.00000000  -0.00000000     0.13731180  -0.00000000
    4    5
 -0.05427516  -0.04642462     0.00000000  -0.00000000    -0.00368645  -0.00633740
  0.00000000  -0.00000000    -0.06751527  -0.04889104     0.00000000  -0.00000000
 -0.02236525   0.01749741     0.00000000  -0.00000000     0.03463683   0.02230504
    5    1
 -0.04228571  -0.01252426     0.00000000  -0.00000000     0.01682307   0.05169011
  0.00000000  -0.00000000    -0.00172218   0.00124063     0.00000000  -0.00000000
  0.00786332   0.00838759     0.00000000  -0.00000000    -0.07524924   0.00115890
    5    2
 -0.10997741   0.07697808     0.00000000  -0.00000000     0.00441273  -0.03544952
  0.00000000  -0.00000000     0.00207853  -0.00043118     0.00000000  -0.00000000
  0.00248553  -0.01723663     0.00000000  -0.00000000    -0.09197369   0.05460779
    5    3
  0.00095763  -0.00435892     0.00000000  -0.00000000     0.04541524   0.10367762
  0.00000000  -0.00000000     0.01359816  -0.00118356     0.00000000  -0.00000000
  0.01353285   0.03543098     0.00000000  -0.00000000     0.01657618   0.00012376
    5    4
 -0.05427516   0.04642462     0.00000000  -0.00000000    -0.02236525  -0.01749741
  0.00000000  -0.00000000    -0.06751527   0.04889104     0.00000000  -0.00000000
 -0.00368645   0.00633740     0.00000000  -0.00000000     0.03463683  -0.02230504
    5    5
  0.32640809  -0.00000000     0.00000000  -0.00000000    -0.01017851  -0.03787379
  0.00000000  -0.00000000     0.12663525  -0.00000000     0.00000000  -0.00000000
 -0.01017851   0.03787379     0.00000000  -0.00000000     0.14205813  -0.00000000

     Dynamical  Matrix in cartesian axes

     q = (    0.000000000  -0.199096104   0.322447765 ) 

    1    1
  0.03376935   0.00000000     0.00000000   0.00000000     0.00000000   0.00000000
  0.00000000   0.00000000     0.08673575   0.00000000    -0.01221715   0.00971878
  0.00000000   0.00000000    -0.01221715  -0.00971878     0.20636359   0.00000000
    1    2
 -0.00822592  -0.00985410     0.00000000   0.00000000     0.00000000   0.00000000
  0.00000000   0.00000000     0.00285023   0.00793386     0.03752149  -0.11955106
  0.00000000   0.00000000     0.04173835  -0.09977245     0.01163114  -0.01631049
    1    3
 -0.01413915  -0.00047222     0.00000000   0.00000000     0.00000000   0.00000000
  0.00000000   0.00000000    -0.00547431  -0.00031905    -0.02134943   0.07404419
  0.00000000   0.00000000    -0.00676840   0.01851115     0.01305830   0.00479513
    1    4
 -0.00172218   0.00124063     0.00000000   0.00000000     0.00000000   0.00000000
  0.00000000   0.00000000    -0.04228571  -0.01252426     0.00786332   0.00838759
  0.00000000   0.00000000     0.01682307   0.05169011    -0.07524924   0.00115890
    1    5
 -0.01483765  -0.01167164     0.00000000   0.00000000     0.00000000   0.00000000
  0.00000000   0.00000000    -0.01330320  -0.00905006    -0.00051050   0.01810085
  0.00000000   0.00000000     0.00450701   0.01224242    -0.05905851  -0.03708312
    2    1
 -0.00822592   0.00985410     0.00000000   0.00000000     0.00000000   0.00000000
  0.00000000   0.00000000     0.00285023  -0.00793386     0.04173835   0.09977245
  0.00000000   0.00000000     0.03752149   0.11955106     0.01163114   0.01631049
    2    2
  0.17251145   0.00000000     0.00000000   0.00000000     0.00000000   0.00000000
  0.00000000   0.00000000     0.31826656   0.00000000    -0.02787809  -0.07448327
  0.00000000   0.00000000    -0.02787809   0.07448327     0.86754980   0.00000000
    2    3
 -0.03966574  -0.00034485     0.00000000   0.00000000     0.00000000   0.00000000
  0.00000000   0.00000000    -0.03216757  -0.01336081     0.02224187   0.07733776
  0.00000000   0.00000000     0.00640644   0.02469038    -0.62056279   0.01258520
    2    4
  0.00207853  -0.00043118     0.00000000   0.00000000     0.00000000   0.00000000
  0.00000000   0.00000000    -0.10997741   0.07697808     0.00248553  -0.01723663
  0.00000000   0.00000000     0.00441273  -0.03544952    -0.09197369   0.05460779
    2    5
 -0.10234073   0.00031722     0.00000000   0.00000000     0.00000000   0.00000000
  0.00000000   0.00000000    -0.04000375   0.00561100     0.00937053  -0.01468688
  0.00000000   0.00000000     0.01914442  -0.04787439    -0.10498223  -0.00252779
    3    1
 -0.01413915   0.00047222     0.00000000   0.00000000     0.00000000   0.00000000
  0.00000000   0.00000000    -0.00547431   0.00031905    -0.00676840  -0.01851115
  0.00000000   0.00000000    -0.02134943  -0.07404419     0.01305830  -0.00479513
    3    2
 -0.03966574   0.00034485     0.00000000   0.00000000     0.00000000   0.00000000
  0.00000000   0.00000000    -0.03216757   0.01336081     0.00640644  -0.02469038
  0.00000000   0.00000000     0.02224187  -0.07733776    -0.62056279  -0.01258520
    3    3
  0.04999018   0.00000000     0.00000000   0.00000000     0.00000000   0.00000000
  0.00000000   0.00000000     0.05605204   0.00000000    -0.00849430   0.02262511
  0.00000000   0.00000000    -0.00849430  -0.02262511     0.63919660   0.00000000
    3    4
  0.01359816  -0.00118356     0.00000000   0.00000000     0.00000000   0.00000000
  0.00000000   0.00000000     0.00095763  -0.00435892     0.01353285   0.03543098
  0.00000000   0.00000000     0.04541524   0.10367762     0.01657618   0.00012376
    3    5
  0.01059179   0.00680111     0.00000000   0.00000000     0.00000000   0.00000000
  0.00000000   0.00000000     0.00008574  -0.00241530    -0.00725565   0.01623529
  0.00000000   0.00000000    -0.01353927   0.03903121    -0.00552867   0.00521427
    4    1
 -0.00172218  -0.00124063     0.00000000   0.00000000     0.00000000   0.00000000
  0.00000000   0.00000000    -0.04228571   0.01252426     0.01682307  -0.05169011
  0.00000000   0.00000000     0.00786332  -0.00838759    -0.07524924  -0.00115890
    4    2
  0.00207853   0.00043118     0.00000000   0.00000000     0.00000000   0.00000000
  0.00000000   0.00000000    -0.10997741  -0.07697808     0.00441273   0.03544952
  0.00000000   0.00000000     0.00248553   0.01723663    -0.09197369  -0.05460779
    4    3
  0.01359816   0.00118356     0.00000000   0.00000000     0.00000000   0.00000000
  0.00000000   0.00000000     0.00095763   0.00435892     0.04541524  -0.10367762
  0.00000000   0.00000000     0.01353285  -0.03543098     0.01657618  -0.00012376
    4    4
  0.12663525   0.00000000     0.00000000   0.00000000     0.00000000   0.00000000
  0.00000000   0.00000000     0.32640809   0.00000000    -0.01017851   0.03787379
  0.00000000   0.00000000    -0.01017851  -0.03787379     0.14205813   0.00000000
    4    5
 -0.06751527  -0.04889104     0.00000000   0.00000000     0.00000000   0.00000000
  0.00000000   0.00000000    -0.05427516  -0.04642462    -0.02236525   0.01749741
  0.00000000   0.00000000    -0.00368645  -0.00633740     0.03463683   0.02230504
    5    1
 -0.01483765   0.01167164     0.00000000   0.00000000     0.00000000   0.00000000
  0.00000000   0.00000000    -0.01330320   0.00905006     0.00450701  -0.01224242
  0.00000000   0.00000000    -0.00051050  -0.01810085    -0.05905851   0.03708312
    5    2
 -0.10234073  -0.00031722     0.00000000   0.00000000     0.00000000   0.00000000
  0.00000000   0.00000000    -0.04000375  -0.00561100     0.01914442   0.04787439
  0.00000000   0.00000000     0.00937053   0.01468688    -0.10498223   0.00252779
    5    3
  0.01059179  -0.00680111     0.00000000   0.00000000     0.00000000   0.00000000
  0.00000000   0.00000000     0.00008574   0.00241530    -0.01353927  -0.03903121
  0.00000000   0.00000000    -0.00725565  -0.01623529    -0.00552867  -0.00521427
    5    4
 -0.06751527   0.04889104     0.00000000   0.00000000     0.00000000   0.00000000
  0.00000000   0.00000000    -0.05427516   0.04642462    -0.00368645   0.00633740
  0.00000000   0.00000000    -0.02236525  -0.01749741     0.03463683  -0.02230504
    5    5
  0.24595738   0.00000000     0.00000000   0.00000000     0.00000000   0.00000000
  0.00000000   0.00000000     0.13643295   0.00000000    -0.00676983  -0.00971564
  0.00000000   0.00000000    -0.00676983   0.00971564     0.13731180   0.00000000

     Dynamical  Matrix in cartesian axes

     q = (   -0.000000000   0.199096104  -0.322447765 ) 

    1    1
  0.03376935  -0.00000000     0.00000000  -0.00000000     0.00000000  -0.00000000
  0.00000000  -0.00000000     0.08673575  -0.00000000    -0.01221715  -0.00971878
  0.00000000  -0.00000000    -0.01221715   0.00971878     0.20636359  -0.00000000
    1    2
 -0.00822592   0.00985410     0.00000000  -0.00000000     0.00000000  -0.00000000
  0.00000000  -0.00000000     0.00285023  -0.00793386     0.03752149   0.11955106
  0.00000000  -0.00000000     0.04173835   0.09977245     0.01163114   0.01631049
    1    3
 -0.01413915   0.00047222     0.00000000  -0.00000000     0.00000000  -0.00000000
  0.00000000  -0.00000000    -0.00547431   0.00031905    -0.02134943  -0.07404419
  0.00000000  -0.00000000    -0.00676840  -0.01851115     0.01305830  -0.00479513
    1    4
 -0.00172218  -0.00124063     0.00000000  -0.00000000     0.00000000  -0.00000000
  0.00000000  -0.00000000    -0.04228571   0.01252426     0.00786332  -0.00838759
  0.00000000  -0.00000000     0.01682307  -0.05169011    -0.07524924  -0.00115890
    1    5
 -0.01483765   0.01167164     0.00000000  -0.00000000     0.00000000  -0.00000000
  0.00000000  -0.00000000    -0.01330320   0.00905006    -0.00051050  -0.01810085
  0.00000000  -0.00000000     0.00450701  -0.01224242    -0.05905851   0.03708312
    2    1
 -0.00822592  -0.00985410     0.00000000  -0.00000000     0.00000000  -0.00000000
  0.00000000  -0.00000000     0.00285023   0.00793386     0.04173835  -0.09977245
  0.00000000  -0.00000000     0.03752149  -0.11955106     0.01163114  -0.01631049
    2    2
  0.17251145  -0.00000000     0.00000000  -0.00000000     0.00000000  -0.00000000
  0.00000000  -0.00000000     0.31826656  -0.00000000    -0.02787809   0.07448327
  0.00000000  -0.00000000    -0.02787809  -0.07448327     0.86754980  -0.00000000
    2    3
 -0.03966574   0.00034485     0.00000000  -0.00000000     0.00000000  -0.00000000
  0.00000000  -0.00000000    -0.03216757   0.01336081     0.02224187  -0.07733776
  0.00000000  -0.00000000     0.00640644  -0.02469038    -0.62056279  -0.01258520
    2    4
  0.00207853   0.00043118     0.00000000  -0.00000000     0.00000000  -0.00000000
  0.00000000  -0.00000000    -0.10997741  -0.07697808     0.00248553   0.01723663
  0.00000000  -0.00000000     0.00441273   0.03544952    -0.09197369  -0.05460779
    2    5
 -0.10234073  -0.00031722     0.00000000  -0.00000000     0.00000000  -0.00000000
  0.00000000  -0.00000000    -0.04000375  -0.00561100     0.00937053   0.01468688
  0.00000000  -0.00000000     0.01914442   0.04787439    -0.10498223   0.00252779
    3    1
 -0.01413915  -0.00047222     0.00000000  -0.00000000     0.00000000  -0.00000000
  0.00000000  -0.00000000    -0.00547431  -0.00031905    -0.00676840   0.01851115
  0.00000000  -0.00000000    -0.02134943   0.07404419     0.01305830   0.00479513
    3    2
 -0.03966574  -0.00034485     0.00000000  -0.00000000     0.00000000  -0.00000000
  0.00000000  -0.00000000    -0.03216757  -0.01336081     0.00640644   0.02469038
  0.00000000  -0.00000000     0.02224187   0.07733776    -0.62056279   0.01258520
    3    3
  0.04999018  -0.00000000     0.00000000  -0.00000000     0.00000000  -0.00000000
  0.00000000  -0.00000000     0.05605204  -0.00000000    -0.00849430  -0.02262511
  0.00000000  -0.00000000    -0.00849430   0.02262511     0.63919660  -0.00000000
    3    4
  0.01359816   0.00118356     0.00000000  -0.00000000     0.00000000  -0.00000000
  0.00000000  -0.00000000     0.00095763   0.00435892     0.01353285  -0.03543098
  0.00000000  -0.00000000     0.04541524  -0.10367762     0.01657618  -0.00012376
    3    5
  0.01059179  -0.00680111     0.00000000  -0.00000000     0.00000000  -0.00000000
  0.00000000  -0.00000000     0.00008574   0.00241530    -0.00725565  -0.01623529
  0.00000000  -0.00000000    -0.01353927  -0.03903121    -0.00552867  -0.00521427
    4    1
 -0.00172218   0.00124063     0.00000000  -0.00000000     0.00000000  -0.00000000
  0.00000000  -0.00000000    -0.04228571  -0.01252426     0.01682307   0.05169011
  0.00000000  -0.00000000     0.00786332   0.00838759    -0.07524924   0.00115890
    4    2
  0.00207853  -0.00043118     0.00000000  -0.00000000     0.00000000  -0.00000000
  0.00000000  -0.00000000    -0.10997741   0.07697808     0.00441273  -0.03544952
  0.00000000  -0.00000000     0.00248553  -0.01723663    -0.09197369   0.05460779
    4    3
  0.01359816  -0.00118356     0.00000000  -0.00000000     0.00000000  -0.00000000
  0.00000000  -0.00000000     0.00095763  -0.00435892     0.04541524   0.10367762
  0.00000000  -0.00000000     0.01353285   0.03543098     0.01657618   0.00012376
    4    4
  0.12663525  -0.00000000     0.00000000  -0.00000000     0.00000000  -0.00000000
  0.00000000  -0.00000000     0.32640809  -0.00000000    -0.01017851  -0.03787379
  0.00000000  -0.00000000    -0.01017851   0.03787379     0.14205813  -0.00000000
    4    5
 -0.06751527   0.04889104     0.00000000  -0.00000000     0.00000000  -0.00000000
  0.00000000  -0.00000000    -0.05427516   0.04642462    -0.02236525  -0.01749741
  0.00000000  -0.00000000    -0.00368645   0.00633740     0.03463683  -0.02230504
    5    1
 -0.01483765  -0.01167164     0.00000000  -0.00000000     0.00000000  -0.00000000
  0.00000000  -0.00000000    -0.01330320  -0.00905006     0.00450701   0.01224242
  0.00000000  -0.00000000    -0.00051050   0.01810085    -0.05905851  -0.03708312
    5    2
 -0.10234073   0.00031722     0.00000000  -0.00000000     0.00000000  -0.00000000
  0.00000000  -0.00000000    -0.04000375   0.00561100     0.01914442  -0.04787439
  0.00000000  -0.00000000     0.00937053  -0.01468688    -0.10498223  -0.00252779
    5    3
  0.01059179   0.00680111     0.00000000  -0.00000000     0.00000000  -0.00000000
  0.00000000  -0.00000000     0.00008574  -0.00241530    -0.01353927   0.03903121
  0.00000000  -0.00000000    -0.00725565   0.01623529    -0.00552867   0.00521427
    5    4
 -0.06751527  -0.04889104     0.00000000  -0.00000000     0.00000000  -0.00000000
  0.00000000  -0.00000000    -0.05427516  -0.04642462    -0.00368645  -0.00633740
  0.00000000  -0.00000000    -0.02236525   0.01749741     0.03463683   0.02230504
    5    5
  0.24595738  -0.00000000     0.00000000  -0.00000000     0.00000000  -0.00000000
  0.00000000  -0.00000000     0.13643295  -0.00000000    -0.00676983   0.00971564
  0.00000000  -0.00000000    -0.00676983  -0.00971564     0.13731180  -0.00000000

     Diagonalizing the dynamical matrix

     q = (    0.000000000   0.199096104   0.322447765 ) 

 **************************************************************************
     freq (    1) =       1.377151 [THz] =      45.936824 [cm-1]
 ( -0.662729  0.526010  0.000000  0.000000 -0.000000  0.000000 ) 
 ( -0.276964 -0.014413  0.000000 -0.000000 -0.000000  0.000000 ) 
 ( -0.387105 -0.085795  0.000000 -0.000000 -0.000000  0.000000 ) 
 ( -0.101447  0.027340  0.000000  0.000000 -0.000000  0.000000 ) 
 ( -0.196191 -0.021107  0.000000  0.000000 -0.000000  0.000000 ) 
     freq (    2) =       1.838624 [THz] =      61.329897 [cm-1]
 (  0.000000 -0.000000  0.395937 -0.201349 -0.330627  0.080831 ) 
 ( -0.000000  0.000000  0.193093 -0.079242 -0.310523  0.149335 ) 
 (  0.000000  0.000000  0.245519 -0.251402 -0.303479  0.120086 ) 
 (  0.000000  0.000000  0.174634 -0.095362 -0.325067  0.119739 ) 
 ( -0.000000 -0.000000  0.187730  0.009052 -0.315644  0.000000 ) 
     freq (    3) =       2.358935 [THz] =      78.685598 [cm-1]
 (  0.000000 -0.000000 -0.347648  0.284787 -0.283493  0.207053 ) 
 ( -0.000000  0.000000 -0.043575 -0.132946 -0.289090 -0.072072 ) 
 ( -0.000000  0.000000 -0.026139 -0.397663 -0.315773 -0.033788 ) 
 ( -0.000000  0.000000 -0.071270  0.088910 -0.302359  0.240259 ) 
 ( -0.000000  0.000000 -0.114577 -0.000936 -0.362665  0.000000 ) 
     freq (    4) =       4.290662 [THz] =     143.121064 [cm-1]
 (  0.010350  0.126149  0.000000  0.000000 -0.000000  0.000000 ) 
 (  0.394016 -0.386554 -0.000000 -0.000000  0.000000  0.000000 ) 
 (  0.301725 -0.670888 -0.000000  0.000000  0.000000  0.000000 ) 
 (  0.186130 -0.126155 -0.000000 -0.000000  0.000000  0.000000 ) 
 (  0.268516 -0.124567 -0.000000 -0.000000  0.000000  0.000000 ) 
     freq (    5) =       4.616767 [THz] =     153.998770 [cm-1]
 ( -0.000000  0.000000 -0.053442 -0.073491  0.257768  0.102343 ) 
 (  0.000000 -0.000000  0.022323  0.214108 -0.288018 -0.092158 ) 
 (  0.000000 -0.000000  0.664544 -0.048135 -0.344116 -0.114589 ) 
 (  0.000000 -0.000000  0.171856  0.116482 -0.169552 -0.091878 ) 
 (  0.000000 -0.000000  0.100905  0.217243 -0.252756  0.000000 ) 
     freq (    6) =       5.392420 [THz] =     179.871771 [cm-1]
 (  0.000000  0.000000 -0.055166 -0.100102 -0.044636 -0.109305 ) 
 ( -0.000000 -0.000000 -0.147493  0.256135 -0.246840  0.123459 ) 
 (  0.000000 -0.000000 -0.586822  0.333361 -0.275456  0.111766 ) 
 ( -0.000000  0.000000  0.039114  0.253276  0.221343  0.099010 ) 
 ( -0.000000 -0.000000 -0.167724  0.259524 -0.213656  0.000000 ) 
     freq (    7) =       6.034150 [THz] =     201.277578 [cm-1]
 (  0.015686  0.023530  0.000000  0.000000  0.000000  0.000000 ) 
 ( -0.186415 -0.190151  0.000000 -0.000000  0.000000 -0.000000 ) 
 (  0.745851  0.086743  0.000000 -0.000000  0.000000 -0.000000 ) 
 ( -0.416880  0.250979 -0.000000 -0.000000 -0.000000 -0.000000 ) 
 ( -0.344916 -0.093424  0.000000 -0.000000  0.000000  0.000000 ) 
     freq (    8) =       7.324960 [THz] =     244.334353 [cm-1]
 ( -0.000000  0.000000 -0.016514  0.010249  0.082515 -0.014014 ) 
 (  0.000000  0.000000  0.099396 -0.281628 -0.215426 -0.075391 ) 
 (  0.000000 -0.000000 -0.248282  0.538428 -0.183927 -0.028229 ) 
 ( -0.000000  0.000000 -0.003703 -0.303811  0.001408 -0.088856 ) 
 (  0.000000  0.000000  0.321866 -0.481062 -0.172991  0.000000 ) 
     freq (    9) =       8.646745 [THz] =     288.424363 [cm-1]
 ( -0.000000  0.000000 -0.013406 -0.007957 -0.004649  0.013283 ) 
 ( -0.000000 -0.000000  0.007752  0.157694 -0.065818 -0.024114 ) 
 (  0.000000  0.000000 -0.063515  0.206830 -0.013017 -0.000815 ) 
 (  0.000000 -0.000000  0.031868 -0.023044 -0.547586  0.442979 ) 
 (  0.000000  0.000000  0.082915 -0.149181  0.629268  0.000000 ) 
     freq (   10) =       8.924525 [THz] =     297.690096 [cm-1]
 ( -0.010583  0.006835 -0.000000 -0.000000  0.000000  0.000000 ) 
 ( -0.231436 -0.144363 -0.000000  0.000000 -0.000000 -0.000000 ) 
 (  0.300598  0.310903 -0.000000  0.000000 -0.000000 -0.000000 ) 
 (  0.808707 -0.141445  0.000000 -0.000000  0.000000 -0.000000 ) 
 (  0.232572  0.101564  0.000000 -0.000000 -0.000000  0.000000 ) 
     freq (   11) =      10.075525 [THz] =     336.083347 [cm-1]
 (  0.000000 -0.000000  0.010900  0.013605 -0.034036  0.010982 ) 
 (  0.000000  0.000000 -0.120689  0.381879  0.081509 -0.056800 ) 
 ( -0.000000 -0.000000  0.012755 -0.114840  0.228670  0.030291 ) 
 ( -0.000000 -0.000000 -0.059094 -0.158541  0.039342  0.097229 ) 
 ( -0.000000 -0.000000  0.284041 -0.661737 -0.450986  0.000000 ) 
     freq (   12) =      12.240849 [THz] =     408.310785 [cm-1]
 (  0.000000 -0.000000 -0.010234 -0.005444 -0.049743  0.035061 ) 
 (  0.000000  0.000000 -0.058494  0.030510 -0.113941  0.007739 ) 
 ( -0.000000 -0.000000  0.069470 -0.199043 -0.234002  0.002204 ) 
 (  0.000000 -0.000000  0.168136  0.280282  0.465313 -0.328667 ) 
 ( -0.000000  0.000000  0.162974 -0.376452  0.529073  0.000000 ) 
     freq (   13) =      14.948405 [THz] =     498.625114 [cm-1]
 ( -0.004539  0.005152 -0.000000 -0.000000 -0.000000  0.000000 ) 
 ( -0.124719  0.032311 -0.000000  0.000000 -0.000000  0.000000 ) 
 (  0.040474  0.002185  0.000000 -0.000000 -0.000000 -0.000000 ) 
 ( -0.268056  0.330857  0.000000  0.000000  0.000000 -0.000000 ) 
 (  0.864566 -0.230037  0.000000 -0.000000  0.000000  0.000000 ) 
     freq (   14) =      16.900154 [THz] =     563.728471 [cm-1]
 ( -0.000000 -0.000000 -0.004428  0.006344 -0.027544  0.024990 ) 
 ( -0.000000 -0.000000 -0.030727  0.126253 -0.141457 -0.030130 ) 
 (  0.000000  0.000000  0.014929 -0.076647 -0.003165  0.050813 ) 
 ( -0.000000 -0.000000 -0.402999 -0.765840  0.216530 -0.167300 ) 
 (  0.000000  0.000000  0.005239  0.265191  0.240662  0.000000 ) 
     freq (   15) =      25.800380 [THz] =     860.608025 [cm-1]
 (  0.000000 -0.000000 -0.014230 -0.012026  0.002047 -0.002351 ) 
 (  0.000000  0.000000 -0.012721 -0.052516 -0.327211 -0.022047 ) 
 ( -0.000000 -0.000000  0.017450 -0.033920  0.913048  0.074882 ) 
 (  0.000000 -0.000000  0.149257  0.135271  0.043459 -0.037672 ) 
 ( -0.000000 -0.000000  0.015184  0.054734  0.036624  0.000000 ) 
 **************************************************************************
