Dynamical matrix file
default                                                                    
  3    5   0   7.2021431   0.0000000   0.0000000   0.0000000   0.0000000   0.0000000
Basis vectors
      1.004540000    0.000000000    0.000000000
      0.000000000    1.004540000    0.000000000
      0.000000000    0.000000000    1.240511000
           1  'Ti  '    43628.101584882053     
           2  'Sn  '    108197.54609942860     
           3  'O   '    14582.196445495396     
    1    2      0.0000000000      0.0000000000      1.1669813705
    2    1      0.5022700000      0.5022700000      0.6398993465
    3    3      0.5022700000      0.5022700000      0.1874332159
    4    3      0.5022700000      0.0000000000      0.7928383811
    5    3      0.0000000000      0.5022700000      0.7928383811

     Dynamical  Matrix in cartesian axes

     q = (    0.000000000   0.398192207   0.000000000 ) 

    1    1
  0.03066262   0.00000000     0.00000000   0.00000000     0.00000000   0.00000000
  0.00000000   0.00000000     0.20977514   0.00000000     0.00000000  -0.00100013
  0.00000000   0.00000000     0.00000000   0.00100013     0.12704234   0.00000000
    1    2
 -0.00253138   0.00779080     0.00000000   0.00000000     0.00000000   0.00000000
  0.00000000   0.00000000     0.01128049  -0.03471778    -0.00012797  -0.00004158
  0.00000000   0.00000000     0.06553352   0.02129313    -0.01412821   0.04348215
    1    3
  0.00172518  -0.00530956     0.00000000   0.00000000     0.00000000   0.00000000
  0.00000000   0.00000000    -0.00375262   0.01154938     0.03300564   0.01072418
  0.00000000   0.00000000     0.02953455   0.00959636     0.00614510  -0.01891266
    1    4
  0.00354311   0.00000000     0.00000000   0.00000000     0.00000000   0.00000000
  0.00000000   0.00000000    -0.13271444   0.00000000     0.00000000  -0.00565340
  0.00000000   0.00000000     0.00000000  -0.00593694    -0.03573004   0.00000000
    1    5
 -0.00252767   0.00777937     0.00000000   0.00000000     0.00000000   0.00000000
  0.00000000   0.00000000    -0.00864505   0.02660672     0.02129863   0.00692035
  0.00000000   0.00000000     0.00293854   0.00095479    -0.00329130   0.01012959
    2    1
 -0.00253138  -0.00779080     0.00000000   0.00000000     0.00000000   0.00000000
  0.00000000   0.00000000     0.01128049   0.03471778     0.06553352  -0.02129313
  0.00000000   0.00000000    -0.00012797   0.00004158    -0.01412821  -0.04348215
    2    2
  0.16561552   0.00000000     0.00000000   0.00000000     0.00000000   0.00000000
  0.00000000   0.00000000     0.51177658   0.00000000     0.00000000   0.01562523
  0.00000000   0.00000000     0.00000000  -0.01562523     0.72528682   0.00000000
    2    3
 -0.03991905   0.00000000     0.00000000   0.00000000     0.00000000   0.00000000
  0.00000000   0.00000000    -0.09758006   0.00000000     0.00000000  -0.01367276
  0.00000000   0.00000000     0.00000000  -0.00325376    -0.47832326   0.00000000
    2    4
  0.00011661   0.00035888     0.00000000   0.00000000     0.00000000   0.00000000
  0.00000000   0.00000000    -0.02887502  -0.08886819     0.01270526  -0.00412819
  0.00000000   0.00000000     0.00773153  -0.00251213    -0.00533830  -0.01642960
    2    5
 -0.09675608   0.00000000     0.00000000   0.00000000     0.00000000   0.00000000
  0.00000000   0.00000000    -0.11714073   0.00000000     0.00000000   0.01411550
  0.00000000   0.00000000     0.00000000  -0.00428437    -0.07926359   0.00000000
    3    1
  0.00172518   0.00530956     0.00000000   0.00000000     0.00000000   0.00000000
  0.00000000   0.00000000    -0.00375262  -0.01154938     0.02953455  -0.00959636
  0.00000000   0.00000000     0.03300564  -0.01072418     0.00614510   0.01891266
    3    2
 -0.03991905   0.00000000     0.00000000   0.00000000     0.00000000   0.00000000
  0.00000000   0.00000000    -0.09758006   0.00000000     0.00000000   0.00325376
  0.00000000   0.00000000     0.00000000   0.01367276    -0.47832326   0.00000000
    3    3
  0.05537939   0.00000000     0.00000000   0.00000000     0.00000000   0.00000000
  0.00000000   0.00000000     0.07324948   0.00000000     0.00000000  -0.00173890
  0.00000000   0.00000000     0.00000000   0.00173890     0.54333271   0.00000000
    3    4
 -0.00119126  -0.00366633     0.00000000   0.00000000     0.00000000   0.00000000
  0.00000000   0.00000000     0.00463331   0.01425987    -0.00583878   0.00189713
  0.00000000   0.00000000     0.08330440  -0.02706724    -0.00551160  -0.01696296
    3    5
 -0.01083542   0.00000000     0.00000000   0.00000000     0.00000000   0.00000000
  0.00000000   0.00000000     0.03811562   0.00000000     0.00000000   0.00508072
  0.00000000   0.00000000     0.00000000   0.00446715    -0.03559750   0.00000000
    4    1
  0.00354311   0.00000000     0.00000000   0.00000000     0.00000000   0.00000000
  0.00000000   0.00000000    -0.13271444   0.00000000     0.00000000   0.00593694
  0.00000000   0.00000000     0.00000000   0.00565340    -0.03573004   0.00000000
    4    2
  0.00011661  -0.00035888     0.00000000   0.00000000     0.00000000   0.00000000
  0.00000000   0.00000000    -0.02887502   0.08886819     0.00773153   0.00251213
  0.00000000   0.00000000     0.01270526   0.00412819    -0.00533830   0.01642960
    4    3
 -0.00119126   0.00366633     0.00000000   0.00000000     0.00000000   0.00000000
  0.00000000   0.00000000     0.00463331  -0.01425987     0.08330440   0.02706724
  0.00000000   0.00000000    -0.00583878  -0.00189713    -0.00551160   0.01696296
    4    4
  0.14176501   0.00000000     0.00000000   0.00000000     0.00000000   0.00000000
  0.00000000   0.00000000     0.45013608   0.00000000     0.00000000  -0.01037715
  0.00000000   0.00000000     0.00000000   0.01037715     0.10860071   0.00000000
    4    5
 -0.00990591   0.03048724     0.00000000   0.00000000     0.00000000   0.00000000
  0.00000000   0.00000000    -0.00109284   0.00336342    -0.04178192  -0.01357577
  0.00000000   0.00000000     0.00404007   0.00131270     0.00206007  -0.00634026
    5    1
 -0.00252767  -0.00777937     0.00000000   0.00000000     0.00000000   0.00000000
  0.00000000   0.00000000    -0.00864505  -0.02660672     0.00293854  -0.00095479
  0.00000000   0.00000000     0.02129863  -0.00692035    -0.00329130  -0.01012959
    5    2
 -0.09675608   0.00000000     0.00000000   0.00000000     0.00000000   0.00000000
  0.00000000   0.00000000    -0.11714073   0.00000000     0.00000000   0.00428437
  0.00000000   0.00000000     0.00000000  -0.01411550    -0.07926359   0.00000000
    5    3
 -0.01083542   0.00000000     0.00000000   0.00000000     0.00000000   0.00000000
  0.00000000   0.00000000     0.03811562   0.00000000     0.00000000  -0.00446715
  0.00000000   0.00000000     0.00000000  -0.00508072    -0.03559750   0.00000000
    5    4
 -0.00990591  -0.03048724     0.00000000   0.00000000     0.00000000   0.00000000
  0.00000000   0.00000000    -0.00109284  -0.00336342     0.00404007  -0.00131270
  0.00000000   0.00000000    -0.04178192   0.01357577     0.00206007   0.00634026
    5    5
  0.25005739   0.00000000     0.00000000   0.00000000     0.00000000   0.00000000
  0.00000000   0.00000000     0.17563165   0.00000000     0.00000000  -0.00318635
  0.00000000   0.00000000     0.00000000   0.00318635     0.11225840   0.00000000

     Dynamical  Matrix in cartesian axes

     q = (    0.398192207   0.000000000   0.000000000 ) 

    1    1
  0.20977514   0.00000000     0.00000000   0.00000000     0.00000000  -0.00100013
  0.00000000   0.00000000     0.03066262   0.00000000     0.00000000   0.00000000
  0.00000000   0.00100013     0.00000000   0.00000000     0.12704234   0.00000000
    1    2
  0.01128049  -0.03471778     0.00000000   0.00000000    -0.00012797  -0.00004158
  0.00000000   0.00000000    -0.00253138   0.00779080     0.00000000   0.00000000
  0.06553352   0.02129313     0.00000000   0.00000000    -0.01412821   0.04348215
    1    3
 -0.00375262   0.01154938     0.00000000   0.00000000     0.03300564   0.01072418
  0.00000000   0.00000000     0.00172518  -0.00530956     0.00000000   0.00000000
  0.02953455   0.00959636     0.00000000   0.00000000     0.00614510  -0.01891266
    1    4
 -0.00864505   0.02660672     0.00000000   0.00000000     0.02129863   0.00692035
  0.00000000   0.00000000    -0.00252767   0.00777937     0.00000000   0.00000000
  0.00293854   0.00095479     0.00000000   0.00000000    -0.00329130   0.01012959
    1    5
 -0.13271444   0.00000000     0.00000000   0.00000000     0.00000000  -0.00565340
  0.00000000   0.00000000     0.00354311   0.00000000     0.00000000   0.00000000
  0.00000000  -0.00593694     0.00000000   0.00000000    -0.03573004   0.00000000
    2    1
  0.01128049   0.03471778     0.00000000   0.00000000     0.06553352  -0.02129313
  0.00000000   0.00000000    -0.00253138  -0.00779080     0.00000000   0.00000000
 -0.00012797   0.00004158     0.00000000   0.00000000    -0.01412821  -0.04348215
    2    2
  0.51177658   0.00000000     0.00000000   0.00000000     0.00000000   0.01562523
  0.00000000   0.00000000     0.16561552   0.00000000     0.00000000   0.00000000
  0.00000000  -0.01562523     0.00000000   0.00000000     0.72528682   0.00000000
    2    3
 -0.09758006   0.00000000     0.00000000   0.00000000     0.00000000  -0.01367276
  0.00000000   0.00000000    -0.03991905   0.00000000     0.00000000   0.00000000
  0.00000000  -0.00325376     0.00000000   0.00000000    -0.47832326   0.00000000
    2    4
 -0.11714073   0.00000000     0.00000000   0.00000000     0.00000000   0.01411550
  0.00000000   0.00000000    -0.09675608   0.00000000     0.00000000   0.00000000
  0.00000000  -0.00428437     0.00000000   0.00000000    -0.07926359   0.00000000
    2    5
 -0.02887502  -0.08886819     0.00000000   0.00000000     0.01270526  -0.00412819
  0.00000000   0.00000000     0.00011661   0.00035888     0.00000000   0.00000000
  0.00773153  -0.00251213     0.00000000   0.00000000    -0.00533830  -0.01642960
    3    1
 -0.00375262  -0.01154938     0.00000000   0.00000000     0.02953455  -0.00959636
  0.00000000   0.00000000     0.00172518   0.00530956     0.00000000   0.00000000
  0.03300564  -0.01072418     0.00000000   0.00000000     0.00614510   0.01891266
    3    2
 -0.09758006   0.00000000     0.00000000   0.00000000     0.00000000   0.00325376
  0.00000000   0.00000000    -0.03991905   0.00000000     0.00000000   0.00000000
  0.00000000   0.01367276     0.00000000   0.00000000    -0.47832326   0.00000000
    3    3
  0.07324948   0.00000000     0.00000000   0.00000000     0.00000000  -0.00173890
  0.00000000   0.00000000     0.05537939   0.00000000     0.00000000   0.00000000
  0.00000000   0.00173890     0.00000000   0.00000000     0.54333271   0.00000000
    3    4
  0.03811562   0.00000000     0.00000000   0.00000000     0.00000000   0.00508072
  0.00000000   0.00000000    -0.01083542   0.00000000     0.00000000   0.00000000
  0.00000000   0.00446715     0.00000000   0.00000000    -0.03559750   0.00000000
    3    5
  0.00463331   0.01425987     0.00000000   0.00000000    -0.00583878   0.00189713
  0.00000000   0.00000000    -0.00119126  -0.00366633     0.00000000   0.00000000
  0.08330440  -0.02706724     0.00000000   0.00000000    -0.00551160  -0.01696296
    4    1
 -0.00864505  -0.02660672     0.00000000   0.00000000     0.00293854  -0.00095479
  0.00000000   0.00000000    -0.00252767  -0.00777937     0.00000000   0.00000000
  0.02129863  -0.00692035     0.00000000   0.00000000    -0.00329130  -0.01012959
    4    2
 -0.11714073   0.00000000     0.00000000   0.00000000     0.00000000   0.00428437
  0.00000000   0.00000000    -0.09675608   0.00000000     0.00000000   0.00000000
  0.00000000  -0.01411550     0.00000000   0.00000000    -0.07926359   0.00000000
    4    3
  0.03811562   0.00000000     0.00000000   0.00000000     0.00000000  -0.00446715
  0.00000000   0.00000000    -0.01083542   0.00000000     0.00000000   0.00000000
  0.00000000  -0.00508072     0.00000000   0.00000000    -0.03559750   0.00000000
    4    4
  0.17563165   0.00000000     0.00000000   0.00000000     0.00000000  -0.00318635
  0.00000000   0.00000000     0.25005739   0.00000000     0.00000000   0.00000000
  0.00000000   0.00318635     0.00000000   0.00000000     0.11225840   0.00000000
    4    5
 -0.00109284  -0.00336342     0.00000000   0.00000000     0.00404007  -0.00131270
  0.00000000   0.00000000    -0.00990591  -0.03048724     0.00000000   0.00000000
 -0.04178192   0.01357577     0.00000000   0.00000000     0.00206007   0.00634026
    5    1
 -0.13271444   0.00000000     0.00000000   0.00000000     0.00000000   0.00593694
  0.00000000   0.00000000     0.00354311   0.00000000     0.00000000   0.00000000
  0.00000000   0.00565340     0.00000000   0.00000000    -0.03573004   0.00000000
    5    2
 -0.02887502   0.08886819     0.00000000   0.00000000     0.00773153   0.00251213
  0.00000000   0.00000000     0.00011661  -0.00035888     0.00000000   0.00000000
  0.01270526   0.00412819     0.00000000   0.00000000    -0.00533830   0.01642960
    5    3
  0.00463331  -0.01425987     0.00000000   0.00000000     0.08330440   0.02706724
  0.00000000   0.00000000    -0.00119126   0.00366633     0.00000000   0.00000000
 -0.00583878  -0.00189713     0.00000000   0.00000000    -0.00551160   0.01696296
    5    4
 -0.00109284   0.00336342     0.00000000   0.00000000    -0.04178192  -0.01357577
  0.00000000   0.00000000    -0.00990591   0.03048724     0.00000000   0.00000000
  0.00404007   0.00131270     0.00000000   0.00000000     0.00206007  -0.00634026
    5    5
  0.45013608   0.00000000     0.00000000   0.00000000     0.00000000  -0.01037715
  0.00000000   0.00000000     0.14176501   0.00000000     0.00000000   0.00000000
  0.00000000   0.01037715     0.00000000   0.00000000     0.10860071   0.00000000

     Dynamical  Matrix in cartesian axes

     q = (   -0.398192207   0.000000000   0.000000000 ) 

    1    1
  0.20977514   0.00000000     0.00000000   0.00000000     0.00000000   0.00100013
  0.00000000   0.00000000     0.03066262   0.00000000     0.00000000   0.00000000
  0.00000000  -0.00100013     0.00000000   0.00000000     0.12704234   0.00000000
    1    2
  0.01128049   0.03471778     0.00000000   0.00000000    -0.00012797   0.00004158
  0.00000000   0.00000000    -0.00253138  -0.00779080     0.00000000   0.00000000
  0.06553352  -0.02129313     0.00000000   0.00000000    -0.01412821  -0.04348215
    1    3
 -0.00375262  -0.01154938     0.00000000   0.00000000     0.03300564  -0.01072418
  0.00000000   0.00000000     0.00172518   0.00530956     0.00000000   0.00000000
  0.02953455  -0.00959636     0.00000000   0.00000000     0.00614510   0.01891266
    1    4
 -0.00864505  -0.02660672     0.00000000   0.00000000     0.02129863  -0.00692035
  0.00000000   0.00000000    -0.00252767  -0.00777937     0.00000000   0.00000000
  0.00293854  -0.00095479     0.00000000   0.00000000    -0.00329130  -0.01012959
    1    5
 -0.13271444   0.00000000     0.00000000   0.00000000     0.00000000   0.00565340
  0.00000000   0.00000000     0.00354311   0.00000000     0.00000000   0.00000000
  0.00000000   0.00593694     0.00000000   0.00000000    -0.03573004   0.00000000
    2    1
  0.01128049  -0.03471778     0.00000000   0.00000000     0.06553352   0.02129313
  0.00000000   0.00000000    -0.00253138   0.00779080     0.00000000   0.00000000
 -0.00012797  -0.00004158     0.00000000   0.00000000    -0.01412821   0.04348215
    2    2
  0.51177658   0.00000000     0.00000000   0.00000000     0.00000000  -0.01562523
  0.00000000   0.00000000     0.16561552   0.00000000     0.00000000   0.00000000
  0.00000000   0.01562523     0.00000000   0.00000000     0.72528682   0.00000000
    2    3
 -0.09758006   0.00000000     0.00000000   0.00000000     0.00000000   0.01367276
  0.00000000   0.00000000    -0.03991905   0.00000000     0.00000000   0.00000000
  0.00000000   0.00325376     0.00000000   0.00000000    -0.47832326   0.00000000
    2    4
 -0.11714073   0.00000000     0.00000000   0.00000000     0.00000000  -0.01411550
  0.00000000   0.00000000    -0.09675608   0.00000000     0.00000000   0.00000000
  0.00000000   0.00428437     0.00000000   0.00000000    -0.07926359   0.00000000
    2    5
 -0.02887502   0.08886819     0.00000000   0.00000000     0.01270526   0.00412819
  0.00000000   0.00000000     0.00011661  -0.00035888     0.00000000   0.00000000
  0.00773153   0.00251213     0.00000000   0.00000000    -0.00533830   0.01642960
    3    1
 -0.00375262   0.01154938     0.00000000   0.00000000     0.02953455   0.00959636
  0.00000000   0.00000000     0.00172518  -0.00530956     0.00000000   0.00000000
  0.03300564   0.01072418     0.00000000   0.00000000     0.00614510  -0.01891266
    3    2
 -0.09758006   0.00000000     0.00000000   0.00000000     0.00000000  -0.00325376
  0.00000000   0.00000000    -0.03991905   0.00000000     0.00000000   0.00000000
  0.00000000  -0.01367276     0.00000000   0.00000000    -0.47832326   0.00000000
    3    3
  0.07324948   0.00000000     0.00000000   0.00000000     0.00000000   0.00173890
  0.00000000   0.00000000     0.05537939   0.00000000     0.00000000   0.00000000
  0.00000000  -0.00173890     0.00000000   0.00000000     0.54333271   0.00000000
    3    4
  0.03811562   0.00000000     0.00000000   0.00000000     0.00000000  -0.00508072
  0.00000000   0.00000000    -0.01083542   0.00000000     0.00000000   0.00000000
  0.00000000  -0.00446715     0.00000000   0.00000000    -0.03559750   0.00000000
    3    5
  0.00463331  -0.01425987     0.00000000   0.00000000    -0.00583878  -0.00189713
  0.00000000   0.00000000    -0.00119126   0.00366633     0.00000000   0.00000000
  0.08330440   0.02706724     0.00000000   0.00000000    -0.00551160   0.01696296
    4    1
 -0.00864505   0.02660672     0.00000000   0.00000000     0.00293854   0.00095479
  0.00000000   0.00000000    -0.00252767   0.00777937     0.00000000   0.00000000
  0.02129863   0.00692035     0.00000000   0.00000000    -0.00329130   0.01012959
    4    2
 -0.11714073   0.00000000     0.00000000   0.00000000     0.00000000  -0.00428437
  0.00000000   0.00000000    -0.09675608   0.00000000     0.00000000   0.00000000
  0.00000000   0.01411550     0.00000000   0.00000000    -0.07926359   0.00000000
    4    3
  0.03811562   0.00000000     0.00000000   0.00000000     0.00000000   0.00446715
  0.00000000   0.00000000    -0.01083542   0.00000000     0.00000000   0.00000000
  0.00000000   0.00508072     0.00000000   0.00000000    -0.03559750   0.00000000
    4    4
  0.17563165   0.00000000     0.00000000   0.00000000     0.00000000   0.00318635
  0.00000000   0.00000000     0.25005739   0.00000000     0.00000000   0.00000000
  0.00000000  -0.00318635     0.00000000   0.00000000     0.11225840   0.00000000
    4    5
 -0.00109284   0.00336342     0.00000000   0.00000000     0.00404007   0.00131270
  0.00000000   0.00000000    -0.00990591   0.03048724     0.00000000   0.00000000
 -0.04178192  -0.01357577     0.00000000   0.00000000     0.00206007  -0.00634026
    5    1
 -0.13271444   0.00000000     0.00000000   0.00000000     0.00000000  -0.00593694
  0.00000000   0.00000000     0.00354311   0.00000000     0.00000000   0.00000000
  0.00000000  -0.00565340     0.00000000   0.00000000    -0.03573004   0.00000000
    5    2
 -0.02887502  -0.08886819     0.00000000   0.00000000     0.00773153  -0.00251213
  0.00000000   0.00000000     0.00011661   0.00035888     0.00000000   0.00000000
  0.01270526  -0.00412819     0.00000000   0.00000000    -0.00533830  -0.01642960
    5    3
  0.00463331   0.01425987     0.00000000   0.00000000     0.08330440  -0.02706724
  0.00000000   0.00000000    -0.00119126  -0.00366633     0.00000000   0.00000000
 -0.00583878   0.00189713     0.00000000   0.00000000    -0.00551160  -0.01696296
    5    4
 -0.00109284  -0.00336342     0.00000000   0.00000000    -0.04178192   0.01357577
  0.00000000   0.00000000    -0.00990591  -0.03048724     0.00000000   0.00000000
  0.00404007  -0.00131270     0.00000000   0.00000000     0.00206007   0.00634026
    5    5
  0.45013608   0.00000000     0.00000000   0.00000000     0.00000000   0.01037715
  0.00000000   0.00000000     0.14176501   0.00000000     0.00000000   0.00000000
  0.00000000  -0.01037715     0.00000000   0.00000000     0.10860071   0.00000000

     Dynamical  Matrix in cartesian axes

     q = (    0.000000000  -0.398192207   0.000000000 ) 

    1    1
  0.03066262   0.00000000     0.00000000   0.00000000     0.00000000   0.00000000
  0.00000000   0.00000000     0.20977514   0.00000000     0.00000000   0.00100013
  0.00000000   0.00000000     0.00000000  -0.00100013     0.12704234   0.00000000
    1    2
 -0.00253138  -0.00779080     0.00000000   0.00000000     0.00000000   0.00000000
  0.00000000   0.00000000     0.01128049   0.03471778    -0.00012797   0.00004158
  0.00000000   0.00000000     0.06553352  -0.02129313    -0.01412821  -0.04348215
    1    3
  0.00172518   0.00530956     0.00000000   0.00000000     0.00000000   0.00000000
  0.00000000   0.00000000    -0.00375262  -0.01154938     0.03300564  -0.01072418
  0.00000000   0.00000000     0.02953455  -0.00959636     0.00614510   0.01891266
    1    4
  0.00354311   0.00000000     0.00000000   0.00000000     0.00000000   0.00000000
  0.00000000   0.00000000    -0.13271444   0.00000000     0.00000000   0.00565340
  0.00000000   0.00000000     0.00000000   0.00593694    -0.03573004   0.00000000
    1    5
 -0.00252767  -0.00777937     0.00000000   0.00000000     0.00000000   0.00000000
  0.00000000   0.00000000    -0.00864505  -0.02660672     0.02129863  -0.00692035
  0.00000000   0.00000000     0.00293854  -0.00095479    -0.00329130  -0.01012959
    2    1
 -0.00253138   0.00779080     0.00000000   0.00000000     0.00000000   0.00000000
  0.00000000   0.00000000     0.01128049  -0.03471778     0.06553352   0.02129313
  0.00000000   0.00000000    -0.00012797  -0.00004158    -0.01412821   0.04348215
    2    2
  0.16561552   0.00000000     0.00000000   0.00000000     0.00000000   0.00000000
  0.00000000   0.00000000     0.51177658   0.00000000     0.00000000  -0.01562523
  0.00000000   0.00000000     0.00000000   0.01562523     0.72528682   0.00000000
    2    3
 -0.03991905   0.00000000     0.00000000   0.00000000     0.00000000   0.00000000
  0.00000000   0.00000000    -0.09758006   0.00000000     0.00000000   0.01367276
  0.00000000   0.00000000     0.00000000   0.00325376    -0.47832326   0.00000000
    2    4
  0.00011661  -0.00035888     0.00000000   0.00000000     0.00000000   0.00000000
  0.00000000   0.00000000    -0.02887502   0.08886819     0.01270526   0.00412819
  0.00000000   0.00000000     0.00773153   0.00251213    -0.00533830   0.01642960
    2    5
 -0.09675608   0.00000000     0.00000000   0.00000000     0.00000000   0.00000000
  0.00000000   0.00000000    -0.11714073   0.00000000     0.00000000  -0.01411550
  0.00000000   0.00000000     0.00000000   0.00428437    -0.07926359   0.00000000
    3    1
  0.00172518  -0.00530956     0.00000000   0.00000000     0.00000000   0.00000000
  0.00000000   0.00000000    -0.00375262   0.01154938     0.02953455   0.00959636
  0.00000000   0.00000000     0.03300564   0.01072418     0.00614510  -0.01891266
    3    2
 -0.03991905   0.00000000     0.00000000   0.00000000     0.00000000   0.00000000
  0.00000000   0.00000000    -0.09758006   0.00000000     0.00000000  -0.00325376
  0.00000000   0.00000000     0.00000000  -0.01367276    -0.47832326   0.00000000
    3    3
  0.05537939   0.00000000     0.00000000   0.00000000     0.00000000   0.00000000
  0.00000000   0.00000000     0.07324948   0.00000000     0.00000000   0.00173890
  0.00000000   0.00000000     0.00000000  -0.00173890     0.54333271   0.00000000
    3    4
 -0.00119126   0.00366633     0.00000000   0.00000000     0.00000000   0.00000000
  0.00000000   0.00000000     0.00463331  -0.01425987    -0.00583878  -0.00189713
  0.00000000   0.00000000     0.08330440   0.02706724    -0.00551160   0.01696296
    3    5
 -0.01083542   0.00000000     0.00000000   0.00000000     0.00000000   0.00000000
  0.00000000   0.00000000     0.03811562   0.00000000     0.00000000  -0.00508072
  0.00000000   0.00000000     0.00000000  -0.00446715    -0.03559750   0.00000000
    4    1
  0.00354311   0.00000000     0.00000000   0.00000000     0.00000000   0.00000000
  0.00000000   0.00000000    -0.13271444   0.00000000     0.00000000  -0.00593694
  0.00000000   0.00000000     0.00000000  -0.00565340    -0.03573004   0.00000000
    4    2
  0.00011661   0.00035888     0.00000000   0.00000000     0.00000000   0.00000000
  0.00000000   0.00000000    -0.02887502  -0.08886819     0.00773153  -0.00251213
  0.00000000   0.00000000     0.01270526  -0.00412819    -0.00533830  -0.01642960
    4    3
 -0.00119126  -0.00366633     0.00000000   0.00000000     0.00000000   0.00000000
  0.00000000   0.00000000     0.00463331   0.01425987     0.08330440  -0.02706724
  0.00000000   0.00000000    -0.00583878   0.00189713    -0.00551160  -0.01696296
    4    4
  0.14176501   0.00000000     0.00000000   0.00000000     0.00000000   0.00000000
  0.00000000   0.00000000     0.45013608   0.00000000     0.00000000   0.01037715
  0.00000000   0.00000000     0.00000000  -0.01037715     0.10860071   0.00000000
    4    5
 -0.00990591  -0.03048724     0.00000000   0.00000000     0.00000000   0.00000000
  0.00000000   0.00000000    -0.00109284  -0.00336342    -0.04178192   0.01357577
  0.00000000   0.00000000     0.00404007  -0.00131270     0.00206007   0.00634026
    5    1
 -0.00252767   0.00777937     0.00000000   0.00000000     0.00000000   0.00000000
  0.00000000   0.00000000    -0.00864505   0.02660672     0.00293854   0.00095479
  0.00000000   0.00000000     0.02129863   0.00692035    -0.00329130   0.01012959
    5    2
 -0.09675608   0.00000000     0.00000000   0.00000000     0.00000000   0.00000000
  0.00000000   0.00000000    -0.11714073   0.00000000     0.00000000  -0.00428437
  0.00000000   0.00000000     0.00000000   0.01411550    -0.07926359   0.00000000
    5    3
 -0.01083542   0.00000000     0.00000000   0.00000000     0.00000000   0.00000000
  0.00000000   0.00000000     0.03811562   0.00000000     0.00000000   0.00446715
  0.00000000   0.00000000     0.00000000   0.00508072    -0.03559750   0.00000000
    5    4
 -0.00990591   0.03048724     0.00000000   0.00000000     0.00000000   0.00000000
  0.00000000   0.00000000    -0.00109284   0.00336342     0.00404007   0.00131270
  0.00000000   0.00000000    -0.04178192  -0.01357577     0.00206007  -0.00634026
    5    5
  0.25005739   0.00000000     0.00000000   0.00000000     0.00000000   0.00000000
  0.00000000   0.00000000     0.17563165   0.00000000     0.00000000   0.00318635
  0.00000000   0.00000000     0.00000000  -0.00318635     0.11225840   0.00000000

     Diagonalizing the dynamical matrix

     q = (    0.000000000   0.398192207   0.000000000 ) 

 **************************************************************************
     freq (    1) =       1.709844 [THz] =      57.034270 [cm-1]
 (  0.305603 -0.945629  0.000000  0.000000 -0.000000  0.000000 ) 
 (  0.085688 -0.000135  0.000000  0.000000 -0.000000  0.000000 ) 
 ( -0.028772  0.000045  0.000000 -0.000000 -0.000000 -0.000000 ) 
 ( -0.003604  0.011152  0.000000 -0.000000 -0.000000 -0.000000 ) 
 (  0.063922 -0.000101  0.000000  0.000000 -0.000000  0.000000 ) 
     freq (    2) =       2.301544 [THz] =      76.771256 [cm-1]
 ( -0.000000  0.000000  0.066878  0.021730 -0.206467  0.635439 ) 
 (  0.000000 -0.000000  0.000000 -0.215758 -0.191394  0.000000 ) 
 (  0.000000 -0.000000  0.000000 -0.555977 -0.183835 -0.000000 ) 
 (  0.000000 -0.000000  0.014788  0.004805 -0.085630  0.263541 ) 
 (  0.000000 -0.000000  0.000000 -0.035453 -0.210404  0.000000 ) 
     freq (    3) =       3.236952 [THz] =     107.973106 [cm-1]
 (  0.000000 -0.000000 -0.521639 -0.169491 -0.028259  0.086973 ) 
 ( -0.000000 -0.000000 -0.000000 -0.111558  0.356827 -0.000000 ) 
 ( -0.000000 -0.000000  0.000000 -0.269353  0.427504  0.000000 ) 
 ( -0.000000  0.000000 -0.213655 -0.069421  0.005160 -0.015881 ) 
 ( -0.000000 -0.000000 -0.000000 -0.106683  0.483315  0.000000 ) 
     freq (    4) =       3.948981 [THz] =     131.723821 [cm-1]
 ( -0.013050 -0.013931  0.000000 -0.000000  0.000000  0.000000 ) 
 ( -0.273895  0.496788 -0.000000 -0.000000  0.000000 -0.000000 ) 
 ( -0.369045  0.669370 -0.000000 -0.000000  0.000000 -0.000000 ) 
 (  0.068323  0.072933  0.000000 -0.000000 -0.000000 -0.000000 ) 
 ( -0.139584  0.253175  0.000000 -0.000000  0.000000  0.000000 ) 
     freq (    5) =       5.281088 [THz] =     176.158126 [cm-1]
 ( -0.000000  0.000000 -0.233051 -0.075723 -0.001187  0.003652 ) 
 ( -0.000000  0.000000 -0.000000  0.116348 -0.378312  0.000000 ) 
 ( -0.000000 -0.000000 -0.000000  0.503023 -0.375686  0.000000 ) 
 ( -0.000000 -0.000000 -0.048640 -0.015804 -0.058369  0.179641 ) 
 (  0.000000  0.000000  0.000000 -0.110867 -0.581829  0.000000 ) 
     freq (    6) =       6.449797 [THz] =     215.142076 [cm-1]
 ( -0.000000 -0.000000  0.052880  0.017182 -0.046913  0.144382 ) 
 (  0.000000  0.000000 -0.000000  0.168156  0.192366  0.000000 ) 
 (  0.000000 -0.000000 -0.000000  0.891130  0.212939  0.000000 ) 
 (  0.000000  0.000000 -0.000855 -0.000278 -0.018951  0.058325 ) 
 ( -0.000000  0.000000  0.000000 -0.105163  0.233032  0.000000 ) 
     freq (    7) =       7.417507 [THz] =     247.421408 [cm-1]
 (  0.000546 -0.018109  0.000000  0.000000  0.000000 -0.000000 ) 
 ( -0.365590  0.106717 -0.000000 -0.000000 -0.000000 -0.000000 ) 
 (  0.874411 -0.255244  0.000000  0.000000 -0.000000 -0.000000 ) 
 ( -0.000633  0.020994 -0.000000  0.000000  0.000000  0.000000 ) 
 ( -0.150075  0.043808 -0.000000 -0.000000 -0.000000  0.000000 ) 
     freq (    8) =       8.540238 [THz] =     284.871676 [cm-1]
 (  0.000000 -0.000000 -0.036660 -0.011911 -0.022574  0.069476 ) 
 ( -0.000000 -0.000000 -0.000000  0.336789  0.003369  0.000000 ) 
 (  0.000000  0.000000  0.000000 -0.117098  0.025770  0.000000 ) 
 (  0.000000  0.000000  0.078941  0.025650  0.216544 -0.666454 ) 
 ( -0.000000  0.000000 -0.000000  0.588356 -0.145803  0.000000 ) 
     freq (    9) =       9.100577 [THz] =     303.562557 [cm-1]
 (  0.000000 -0.000000 -0.016019 -0.005205  0.004095 -0.012603 ) 
 ( -0.000000 -0.000000 -0.000000  0.238201 -0.076612  0.000000 ) 
 (  0.000000 -0.000000  0.000000 -0.135298 -0.093085  0.000000 ) 
 (  0.000000 -0.000000  0.121348  0.039428 -0.215697  0.663846 ) 
 (  0.000000  0.000000 -0.000000  0.489200  0.408837  0.000000 ) 
     freq (   10) =      10.015358 [THz] =     334.076399 [cm-1]
 (  0.000632 -0.002161  0.000000  0.000000 -0.000000 -0.000000 ) 
 ( -0.075447  0.002223 -0.000000 -0.000000 -0.000000  0.000000 ) 
 ( -0.037043  0.001092  0.000000  0.000000  0.000000  0.000000 ) 
 (  0.273878 -0.935861 -0.000000  0.000000  0.000000 -0.000000 ) 
 (  0.205045 -0.006043 -0.000000 -0.000000  0.000000  0.000000 ) 
     freq (   11) =      10.526338 [THz] =     351.120847 [cm-1]
 (  0.000000 -0.000000  0.019218  0.006244  0.003939 -0.012123 ) 
 (  0.000000 -0.000000  0.000000  0.053086  0.287595  0.000000 ) 
 ( -0.000000 -0.000000 -0.000000 -0.086895  0.306094  0.000000 ) 
 (  0.000000 -0.000000 -0.180119 -0.058524 -0.123138  0.378980 ) 
 ( -0.000000  0.000000  0.000000  0.208511 -0.757973  0.000000 ) 
     freq (   12) =      13.832279 [THz] =     461.395160 [cm-1]
 (  0.000000  0.000000 -0.008124 -0.002640  0.002383 -0.007335 ) 
 ( -0.000000  0.000000  0.000000 -0.428837 -0.048414  0.000000 ) 
 ( -0.000000  0.000000 -0.000000  0.374821 -0.013709  0.000000 ) 
 ( -0.000000  0.000000 -0.197077 -0.064034  0.016549 -0.050932 ) 
 (  0.000000 -0.000000 -0.000000  0.790521  0.047035  0.000000 ) 
     freq (   13) =      14.220597 [THz] =     474.348071 [cm-1]
 ( -0.000671  0.003774  0.000000 -0.000000 -0.000000  0.000000 ) 
 ( -0.140820  0.019571 -0.000000  0.000000  0.000000  0.000000 ) 
 ( -0.017576  0.002443  0.000000 -0.000000  0.000000 -0.000000 ) 
 ( -0.041292  0.232095  0.000000  0.000000 -0.000000  0.000000 ) 
 (  0.952039 -0.132311  0.000000 -0.000000 -0.000000  0.000000 ) 
     freq (   14) =      18.497092 [THz] =     616.996564 [cm-1]
 ( -0.000000  0.000000  0.042008  0.013649 -0.000293  0.000903 ) 
 ( -0.000000  0.000000  0.000000  0.116503 -0.154869  0.000000 ) 
 ( -0.000000  0.000000 -0.000000 -0.072742  0.173658 -0.000000 ) 
 (  0.000000  0.000000 -0.902415 -0.293212  0.007377 -0.022703 ) 
 (  0.000000 -0.000000 -0.000000 -0.057117  0.144512  0.000000 ) 
     freq (   15) =      23.265581 [THz] =     776.056234 [cm-1]
 ( -0.000000  0.000000  0.001643  0.000534 -0.002116  0.006512 ) 
 ( -0.000000 -0.000000  0.000000  0.027036  0.294770  0.000000 ) 
 ( -0.000000 -0.000000 -0.000000 -0.005781 -0.907972  0.000000 ) 
 ( -0.000000  0.000000 -0.278924 -0.090628  0.007072 -0.021766 ) 
 (  0.000000  0.000000 -0.000000  0.004928  0.036371  0.000000 ) 
 **************************************************************************
