Dynamical matrix file
default                                                                    
  3    5   0   7.2021431   0.0000000   0.0000000   0.0000000   0.0000000   0.0000000
Basis vectors
      1.004540000    0.000000000    0.000000000
      0.000000000    1.004540000    0.000000000
      0.000000000    0.000000000    1.240511000
           1  'Ti  '    43628.101584882053     
           2  'Sn  '    108197.54609942860     
           3  'O   '    14582.196445495396     
    1    2      0.0000000000      0.0000000000      1.1669813705
    2    1      0.5022700000      0.5022700000      0.6398993465
    3    3      0.5022700000      0.5022700000      0.1874332159
    4    3      0.5022700000      0.0000000000      0.7928383811
    5    3      0.0000000000      0.5022700000      0.7928383811

     Dynamical  Matrix in cartesian axes

     q = (    0.000000000   0.398192207   0.161223883 ) 

    1    1
  0.03069704   0.00000000     0.00000000   0.00000000     0.00000000   0.00000000
  0.00000000   0.00000000     0.18530437   0.00000000     0.00845021  -0.00223110
  0.00000000   0.00000000     0.00845021   0.00223110     0.13421311   0.00000000
    1    2
 -0.00386546   0.00582845     0.00000000   0.00000000     0.00000000   0.00000000
  0.00000000   0.00000000     0.01514357  -0.02112941     0.08763123  -0.06860090
  0.00000000   0.00000000     0.09687785  -0.00532423    -0.03018053   0.01675218
    1    3
  0.00502581   0.00023964     0.00000000   0.00000000     0.00000000   0.00000000
  0.00000000   0.00000000    -0.00772165   0.00039349    -0.03591738   0.05797484
  0.00000000   0.00000000    -0.00604656   0.03276030     0.01179717  -0.00733159
    1    4
  0.00200207   0.00223433     0.00000000   0.00000000     0.00000000   0.00000000
  0.00000000   0.00000000    -0.10143638  -0.03616671    -0.00597009  -0.00581586
  0.00000000   0.00000000    -0.01385569  -0.01441907    -0.04252750   0.00365675
    1    5
 -0.00222048   0.00711135     0.00000000   0.00000000     0.00000000   0.00000000
  0.00000000   0.00000000    -0.00691587   0.02019700     0.00330606   0.01879843
  0.00000000   0.00000000    -0.00474721   0.01135457     0.00104659   0.01674226
    2    1
 -0.00386546  -0.00582845     0.00000000   0.00000000     0.00000000   0.00000000
  0.00000000   0.00000000     0.01514357   0.02112941     0.09687785   0.00532423
  0.00000000   0.00000000     0.08763123   0.06860090    -0.03018053  -0.01675218
    2    2
  0.16622713   0.00000000     0.00000000   0.00000000     0.00000000   0.00000000
  0.00000000   0.00000000     0.49641450   0.00000000     0.01809994   0.02237923
  0.00000000   0.00000000     0.01809994  -0.02237923     0.75502083   0.00000000
    2    3
 -0.03900276  -0.00169112     0.00000000   0.00000000     0.00000000   0.00000000
  0.00000000   0.00000000    -0.06897443  -0.03630449    -0.01546555  -0.02311226
  0.00000000   0.00000000    -0.00551642  -0.00762255    -0.50890623   0.03266800
    2    4
 -0.00022249   0.00073679     0.00000000   0.00000000     0.00000000   0.00000000
  0.00000000   0.00000000    -0.02306251  -0.08126122     0.00482617  -0.01470555
  0.00000000   0.00000000     0.00012906  -0.02541442     0.00259887  -0.03021788
    2    5
 -0.09559508   0.00054760     0.00000000   0.00000000     0.00000000   0.00000000
  0.00000000   0.00000000    -0.10422201   0.00746593    -0.00368996   0.01167220
  0.00000000   0.00000000    -0.01800970   0.00682201    -0.08052152   0.00606013
    3    1
  0.00502581  -0.00023964     0.00000000   0.00000000     0.00000000   0.00000000
  0.00000000   0.00000000    -0.00772165  -0.00039349    -0.00604656  -0.03276030
  0.00000000   0.00000000    -0.03591738  -0.05797484     0.01179717   0.00733159
    3    2
 -0.03900276   0.00169112     0.00000000   0.00000000     0.00000000   0.00000000
  0.00000000   0.00000000    -0.06897443   0.03630449    -0.00551642   0.00762255
  0.00000000   0.00000000    -0.01546555   0.02311226    -0.50890623  -0.03266800
    3    3
  0.05536681   0.00000000     0.00000000   0.00000000     0.00000000   0.00000000
  0.00000000   0.00000000     0.07037305   0.00000000     0.00625554  -0.00539810
  0.00000000   0.00000000     0.00625554   0.00539810     0.55572265   0.00000000
    3    4
 -0.00416647   0.00088541     0.00000000   0.00000000     0.00000000   0.00000000
  0.00000000   0.00000000     0.00974220   0.00527335     0.02960055   0.02645816
  0.00000000   0.00000000     0.11108614  -0.00469013    -0.01397938  -0.00300586
    3    5
 -0.00226448   0.01163313     0.00000000   0.00000000     0.00000000   0.00000000
  0.00000000   0.00000000     0.01532985  -0.02874204     0.00752295  -0.00012460
  0.00000000   0.00000000     0.01386702  -0.00572415    -0.03138662   0.00434788
    4    1
  0.00200207  -0.00223433     0.00000000   0.00000000     0.00000000   0.00000000
  0.00000000   0.00000000    -0.10143638   0.03616671    -0.01385569   0.01441907
  0.00000000   0.00000000    -0.00597009   0.00581586    -0.04252750  -0.00365675
    4    2
 -0.00022249  -0.00073679     0.00000000   0.00000000     0.00000000   0.00000000
  0.00000000   0.00000000    -0.02306251   0.08126122     0.00012906   0.02541442
  0.00000000   0.00000000     0.00482617   0.01470555     0.00259887   0.03021788
    4    3
 -0.00416647  -0.00088541     0.00000000   0.00000000     0.00000000   0.00000000
  0.00000000   0.00000000     0.00974220  -0.00527335     0.11108614   0.00469013
  0.00000000   0.00000000     0.02960055  -0.02645816    -0.01397938   0.00300586
    4    4
  0.14204241   0.00000000     0.00000000   0.00000000     0.00000000   0.00000000
  0.00000000   0.00000000     0.43851768   0.00000000     0.00793877  -0.01451345
  0.00000000   0.00000000     0.00793877   0.01451345     0.11371080   0.00000000
    4    5
 -0.01005558   0.03051652     0.00000000   0.00000000     0.00000000   0.00000000
  0.00000000   0.00000000    -0.00990414   0.00886523    -0.03908353  -0.01384519
  0.00000000   0.00000000     0.00689856  -0.00633719     0.00026716  -0.00975362
    5    1
 -0.00222048  -0.00711135     0.00000000   0.00000000     0.00000000   0.00000000
  0.00000000   0.00000000    -0.00691587  -0.02019700    -0.00474721  -0.01135457
  0.00000000   0.00000000     0.00330606  -0.01879843     0.00104659  -0.01674226
    5    2
 -0.09559508  -0.00054760     0.00000000   0.00000000     0.00000000   0.00000000
  0.00000000   0.00000000    -0.10422201  -0.00746593    -0.01800970  -0.00682201
  0.00000000   0.00000000    -0.00368996  -0.01167220    -0.08052152  -0.00606013
    5    3
 -0.00226448  -0.01163313     0.00000000   0.00000000     0.00000000   0.00000000
  0.00000000   0.00000000     0.01532985   0.02874204     0.01386702   0.00572415
  0.00000000   0.00000000     0.00752295   0.00012460    -0.03138662  -0.00434788
    5    4
 -0.01005558  -0.03051652     0.00000000   0.00000000     0.00000000   0.00000000
  0.00000000   0.00000000    -0.00990414  -0.00886523     0.00689856   0.00633719
  0.00000000   0.00000000    -0.03908353   0.01384519     0.00026716   0.00975362
    5    5
  0.24867580   0.00000000     0.00000000   0.00000000     0.00000000   0.00000000
  0.00000000   0.00000000     0.16733645   0.00000000     0.00498450  -0.00021538
  0.00000000   0.00000000     0.00498450   0.00021538     0.11171663   0.00000000

     Dynamical  Matrix in cartesian axes

     q = (   -0.000000000  -0.398192207  -0.161223883 ) 

    1    1
  0.03069704  -0.00000000     0.00000000  -0.00000000     0.00000000  -0.00000000
  0.00000000  -0.00000000     0.18530437  -0.00000000     0.00845021   0.00223110
  0.00000000  -0.00000000     0.00845021  -0.00223110     0.13421311  -0.00000000
    1    2
 -0.00386546  -0.00582845     0.00000000  -0.00000000     0.00000000  -0.00000000
  0.00000000  -0.00000000     0.01514357   0.02112941     0.08763123   0.06860090
  0.00000000  -0.00000000     0.09687785   0.00532423    -0.03018053  -0.01675218
    1    3
  0.00502581  -0.00023964     0.00000000  -0.00000000     0.00000000  -0.00000000
  0.00000000  -0.00000000    -0.00772165  -0.00039349    -0.03591738  -0.05797484
  0.00000000  -0.00000000    -0.00604656  -0.03276030     0.01179717   0.00733159
    1    4
  0.00200207  -0.00223433     0.00000000  -0.00000000     0.00000000  -0.00000000
  0.00000000  -0.00000000    -0.10143638   0.03616671    -0.00597009   0.00581586
  0.00000000  -0.00000000    -0.01385569   0.01441907    -0.04252750  -0.00365675
    1    5
 -0.00222048  -0.00711135     0.00000000  -0.00000000     0.00000000  -0.00000000
  0.00000000  -0.00000000    -0.00691587  -0.02019700     0.00330606  -0.01879843
  0.00000000  -0.00000000    -0.00474721  -0.01135457     0.00104659  -0.01674226
    2    1
 -0.00386546   0.00582845     0.00000000  -0.00000000     0.00000000  -0.00000000
  0.00000000  -0.00000000     0.01514357  -0.02112941     0.09687785  -0.00532423
  0.00000000  -0.00000000     0.08763123  -0.06860090    -0.03018053   0.01675218
    2    2
  0.16622713  -0.00000000     0.00000000  -0.00000000     0.00000000  -0.00000000
  0.00000000  -0.00000000     0.49641450  -0.00000000     0.01809994  -0.02237923
  0.00000000  -0.00000000     0.01809994   0.02237923     0.75502083  -0.00000000
    2    3
 -0.03900276   0.00169112     0.00000000  -0.00000000     0.00000000  -0.00000000
  0.00000000  -0.00000000    -0.06897443   0.03630449    -0.01546555   0.02311226
  0.00000000  -0.00000000    -0.00551642   0.00762255    -0.50890623  -0.03266800
    2    4
 -0.00022249  -0.00073679     0.00000000  -0.00000000     0.00000000  -0.00000000
  0.00000000  -0.00000000    -0.02306251   0.08126122     0.00482617   0.01470555
  0.00000000  -0.00000000     0.00012906   0.02541442     0.00259887   0.03021788
    2    5
 -0.09559508  -0.00054760     0.00000000  -0.00000000     0.00000000  -0.00000000
  0.00000000  -0.00000000    -0.10422201  -0.00746593    -0.00368996  -0.01167220
  0.00000000  -0.00000000    -0.01800970  -0.00682201    -0.08052152  -0.00606013
    3    1
  0.00502581   0.00023964     0.00000000  -0.00000000     0.00000000  -0.00000000
  0.00000000  -0.00000000    -0.00772165   0.00039349    -0.00604656   0.03276030
  0.00000000  -0.00000000    -0.03591738   0.05797484     0.01179717  -0.00733159
    3    2
 -0.03900276  -0.00169112     0.00000000  -0.00000000     0.00000000  -0.00000000
  0.00000000  -0.00000000    -0.06897443  -0.03630449    -0.00551642  -0.00762255
  0.00000000  -0.00000000    -0.01546555  -0.02311226    -0.50890623   0.03266800
    3    3
  0.05536681  -0.00000000     0.00000000  -0.00000000     0.00000000  -0.00000000
  0.00000000  -0.00000000     0.07037305  -0.00000000     0.00625554   0.00539810
  0.00000000  -0.00000000     0.00625554  -0.00539810     0.55572265  -0.00000000
    3    4
 -0.00416647  -0.00088541     0.00000000  -0.00000000     0.00000000  -0.00000000
  0.00000000  -0.00000000     0.00974220  -0.00527335     0.02960055  -0.02645816
  0.00000000  -0.00000000     0.11108614   0.00469013    -0.01397938   0.00300586
    3    5
 -0.00226448  -0.01163313     0.00000000  -0.00000000     0.00000000  -0.00000000
  0.00000000  -0.00000000     0.01532985   0.02874204     0.00752295   0.00012460
  0.00000000  -0.00000000     0.01386702   0.00572415    -0.03138662  -0.00434788
    4    1
  0.00200207   0.00223433     0.00000000  -0.00000000     0.00000000  -0.00000000
  0.00000000  -0.00000000    -0.10143638  -0.03616671    -0.01385569  -0.01441907
  0.00000000  -0.00000000    -0.00597009  -0.00581586    -0.04252750   0.00365675
    4    2
 -0.00022249   0.00073679     0.00000000  -0.00000000     0.00000000  -0.00000000
  0.00000000  -0.00000000    -0.02306251  -0.08126122     0.00012906  -0.02541442
  0.00000000  -0.00000000     0.00482617  -0.01470555     0.00259887  -0.03021788
    4    3
 -0.00416647   0.00088541     0.00000000  -0.00000000     0.00000000  -0.00000000
  0.00000000  -0.00000000     0.00974220   0.00527335     0.11108614  -0.00469013
  0.00000000  -0.00000000     0.02960055   0.02645816    -0.01397938  -0.00300586
    4    4
  0.14204241  -0.00000000     0.00000000  -0.00000000     0.00000000  -0.00000000
  0.00000000  -0.00000000     0.43851768  -0.00000000     0.00793877   0.01451345
  0.00000000  -0.00000000     0.00793877  -0.01451345     0.11371080  -0.00000000
    4    5
 -0.01005558  -0.03051652     0.00000000  -0.00000000     0.00000000  -0.00000000
  0.00000000  -0.00000000    -0.00990414  -0.00886523    -0.03908353   0.01384519
  0.00000000  -0.00000000     0.00689856   0.00633719     0.00026716   0.00975362
    5    1
 -0.00222048   0.00711135     0.00000000  -0.00000000     0.00000000  -0.00000000
  0.00000000  -0.00000000    -0.00691587   0.02019700    -0.00474721   0.01135457
  0.00000000  -0.00000000     0.00330606   0.01879843     0.00104659   0.01674226
    5    2
 -0.09559508   0.00054760     0.00000000  -0.00000000     0.00000000  -0.00000000
  0.00000000  -0.00000000    -0.10422201   0.00746593    -0.01800970   0.00682201
  0.00000000  -0.00000000    -0.00368996   0.01167220    -0.08052152   0.00606013
    5    3
 -0.00226448   0.01163313     0.00000000  -0.00000000     0.00000000  -0.00000000
  0.00000000  -0.00000000     0.01532985  -0.02874204     0.01386702  -0.00572415
  0.00000000  -0.00000000     0.00752295  -0.00012460    -0.03138662   0.00434788
    5    4
 -0.01005558   0.03051652     0.00000000  -0.00000000     0.00000000  -0.00000000
  0.00000000  -0.00000000    -0.00990414   0.00886523     0.00689856  -0.00633719
  0.00000000  -0.00000000    -0.03908353  -0.01384519     0.00026716  -0.00975362
    5    5
  0.24867580  -0.00000000     0.00000000  -0.00000000     0.00000000  -0.00000000
  0.00000000  -0.00000000     0.16733645  -0.00000000     0.00498450   0.00021538
  0.00000000  -0.00000000     0.00498450  -0.00021538     0.11171663  -0.00000000

     Dynamical  Matrix in cartesian axes

     q = (    0.398192207   0.000000000   0.161223883 ) 

    1    1
  0.18530437   0.00000000     0.00000000   0.00000000     0.00845021  -0.00223110
  0.00000000   0.00000000     0.03069704   0.00000000     0.00000000   0.00000000
  0.00845021   0.00223110     0.00000000   0.00000000     0.13421311   0.00000000
    1    2
  0.01514357  -0.02112941     0.00000000   0.00000000     0.08763123  -0.06860090
  0.00000000   0.00000000    -0.00386546   0.00582845     0.00000000   0.00000000
  0.09687785  -0.00532423     0.00000000   0.00000000    -0.03018053   0.01675218
    1    3
 -0.00772165   0.00039349     0.00000000   0.00000000    -0.03591738   0.05797484
  0.00000000   0.00000000     0.00502581   0.00023964     0.00000000   0.00000000
 -0.00604656   0.03276030     0.00000000   0.00000000     0.01179717  -0.00733159
    1    4
 -0.00691587   0.02019700     0.00000000   0.00000000     0.00330606   0.01879843
  0.00000000   0.00000000    -0.00222048   0.00711135     0.00000000   0.00000000
 -0.00474721   0.01135457     0.00000000   0.00000000     0.00104659   0.01674226
    1    5
 -0.10143638  -0.03616671     0.00000000   0.00000000    -0.00597009  -0.00581586
  0.00000000   0.00000000     0.00200207   0.00223433     0.00000000   0.00000000
 -0.01385569  -0.01441907     0.00000000   0.00000000    -0.04252750   0.00365675
    2    1
  0.01514357   0.02112941     0.00000000   0.00000000     0.09687785   0.00532423
  0.00000000   0.00000000    -0.00386546  -0.00582845     0.00000000   0.00000000
  0.08763123   0.06860090     0.00000000   0.00000000    -0.03018053  -0.01675218
    2    2
  0.49641450   0.00000000     0.00000000   0.00000000     0.01809994   0.02237923
  0.00000000   0.00000000     0.16622713   0.00000000     0.00000000   0.00000000
  0.01809994  -0.02237923     0.00000000   0.00000000     0.75502083   0.00000000
    2    3
 -0.06897443  -0.03630449     0.00000000   0.00000000    -0.01546555  -0.02311226
  0.00000000   0.00000000    -0.03900276  -0.00169112     0.00000000   0.00000000
 -0.00551642  -0.00762255     0.00000000   0.00000000    -0.50890623   0.03266800
    2    4
 -0.10422201   0.00746593     0.00000000   0.00000000    -0.00368996   0.01167220
  0.00000000   0.00000000    -0.09559508   0.00054760     0.00000000   0.00000000
 -0.01800970   0.00682201     0.00000000   0.00000000    -0.08052152   0.00606013
    2    5
 -0.02306251  -0.08126122     0.00000000   0.00000000     0.00482617  -0.01470555
  0.00000000   0.00000000    -0.00022249   0.00073679     0.00000000   0.00000000
  0.00012906  -0.02541442     0.00000000   0.00000000     0.00259887  -0.03021788
    3    1
 -0.00772165  -0.00039349     0.00000000   0.00000000    -0.00604656  -0.03276030
  0.00000000   0.00000000     0.00502581  -0.00023964     0.00000000   0.00000000
 -0.03591738  -0.05797484     0.00000000   0.00000000     0.01179717   0.00733159
    3    2
 -0.06897443   0.03630449     0.00000000   0.00000000    -0.00551642   0.00762255
  0.00000000   0.00000000    -0.03900276   0.00169112     0.00000000   0.00000000
 -0.01546555   0.02311226     0.00000000   0.00000000    -0.50890623  -0.03266800
    3    3
  0.07037305   0.00000000     0.00000000   0.00000000     0.00625554  -0.00539810
  0.00000000   0.00000000     0.05536681   0.00000000     0.00000000   0.00000000
  0.00625554   0.00539810     0.00000000   0.00000000     0.55572265   0.00000000
    3    4
  0.01532985  -0.02874204     0.00000000   0.00000000     0.00752295  -0.00012460
  0.00000000   0.00000000    -0.00226448   0.01163313     0.00000000   0.00000000
  0.01386702  -0.00572415     0.00000000   0.00000000    -0.03138662   0.00434788
    3    5
  0.00974220   0.00527335     0.00000000   0.00000000     0.02960055   0.02645816
  0.00000000   0.00000000    -0.00416647   0.00088541     0.00000000   0.00000000
  0.11108614  -0.00469013     0.00000000   0.00000000    -0.01397938  -0.00300586
    4    1
 -0.00691587  -0.02019700     0.00000000   0.00000000    -0.00474721  -0.01135457
  0.00000000   0.00000000    -0.00222048  -0.00711135     0.00000000   0.00000000
  0.00330606  -0.01879843     0.00000000   0.00000000     0.00104659  -0.01674226
    4    2
 -0.10422201  -0.00746593     0.00000000   0.00000000    -0.01800970  -0.00682201
  0.00000000   0.00000000    -0.09559508  -0.00054760     0.00000000   0.00000000
 -0.00368996  -0.01167220     0.00000000   0.00000000    -0.08052152  -0.00606013
    4    3
  0.01532985   0.02874204     0.00000000   0.00000000     0.01386702   0.00572415
  0.00000000   0.00000000    -0.00226448  -0.01163313     0.00000000   0.00000000
  0.00752295   0.00012460     0.00000000   0.00000000    -0.03138662  -0.00434788
    4    4
  0.16733645   0.00000000     0.00000000   0.00000000     0.00498450  -0.00021538
  0.00000000   0.00000000     0.24867580   0.00000000     0.00000000   0.00000000
  0.00498450   0.00021538     0.00000000   0.00000000     0.11171663   0.00000000
    4    5
 -0.00990414  -0.00886523     0.00000000   0.00000000     0.00689856   0.00633719
  0.00000000   0.00000000    -0.01005558  -0.03051652     0.00000000   0.00000000
 -0.03908353   0.01384519     0.00000000   0.00000000     0.00026716   0.00975362
    5    1
 -0.10143638   0.03616671     0.00000000   0.00000000    -0.01385569   0.01441907
  0.00000000   0.00000000     0.00200207  -0.00223433     0.00000000   0.00000000
 -0.00597009   0.00581586     0.00000000   0.00000000    -0.04252750  -0.00365675
    5    2
 -0.02306251   0.08126122     0.00000000   0.00000000     0.00012906   0.02541442
  0.00000000   0.00000000    -0.00022249  -0.00073679     0.00000000   0.00000000
  0.00482617   0.01470555     0.00000000   0.00000000     0.00259887   0.03021788
    5    3
  0.00974220  -0.00527335     0.00000000   0.00000000     0.11108614   0.00469013
  0.00000000   0.00000000    -0.00416647  -0.00088541     0.00000000   0.00000000
  0.02960055  -0.02645816     0.00000000   0.00000000    -0.01397938   0.00300586
    5    4
 -0.00990414   0.00886523     0.00000000   0.00000000    -0.03908353  -0.01384519
  0.00000000   0.00000000    -0.01005558   0.03051652     0.00000000   0.00000000
  0.00689856  -0.00633719     0.00000000   0.00000000     0.00026716  -0.00975362
    5    5
  0.43851768   0.00000000     0.00000000   0.00000000     0.00793877  -0.01451345
  0.00000000   0.00000000     0.14204241   0.00000000     0.00000000   0.00000000
  0.00793877   0.01451345     0.00000000   0.00000000     0.11371080   0.00000000

     Dynamical  Matrix in cartesian axes

     q = (   -0.398192207  -0.000000000  -0.161223883 ) 

    1    1
  0.18530437  -0.00000000     0.00000000  -0.00000000     0.00845021   0.00223110
  0.00000000  -0.00000000     0.03069704  -0.00000000     0.00000000  -0.00000000
  0.00845021  -0.00223110     0.00000000  -0.00000000     0.13421311  -0.00000000
    1    2
  0.01514357   0.02112941     0.00000000  -0.00000000     0.08763123   0.06860090
  0.00000000  -0.00000000    -0.00386546  -0.00582845     0.00000000  -0.00000000
  0.09687785   0.00532423     0.00000000  -0.00000000    -0.03018053  -0.01675218
    1    3
 -0.00772165  -0.00039349     0.00000000  -0.00000000    -0.03591738  -0.05797484
  0.00000000  -0.00000000     0.00502581  -0.00023964     0.00000000  -0.00000000
 -0.00604656  -0.03276030     0.00000000  -0.00000000     0.01179717   0.00733159
    1    4
 -0.00691587  -0.02019700     0.00000000  -0.00000000     0.00330606  -0.01879843
  0.00000000  -0.00000000    -0.00222048  -0.00711135     0.00000000  -0.00000000
 -0.00474721  -0.01135457     0.00000000  -0.00000000     0.00104659  -0.01674226
    1    5
 -0.10143638   0.03616671     0.00000000  -0.00000000    -0.00597009   0.00581586
  0.00000000  -0.00000000     0.00200207  -0.00223433     0.00000000  -0.00000000
 -0.01385569   0.01441907     0.00000000  -0.00000000    -0.04252750  -0.00365675
    2    1
  0.01514357  -0.02112941     0.00000000  -0.00000000     0.09687785  -0.00532423
  0.00000000  -0.00000000    -0.00386546   0.00582845     0.00000000  -0.00000000
  0.08763123  -0.06860090     0.00000000  -0.00000000    -0.03018053   0.01675218
    2    2
  0.49641450  -0.00000000     0.00000000  -0.00000000     0.01809994  -0.02237923
  0.00000000  -0.00000000     0.16622713  -0.00000000     0.00000000  -0.00000000
  0.01809994   0.02237923     0.00000000  -0.00000000     0.75502083  -0.00000000
    2    3
 -0.06897443   0.03630449     0.00000000  -0.00000000    -0.01546555   0.02311226
  0.00000000  -0.00000000    -0.03900276   0.00169112     0.00000000  -0.00000000
 -0.00551642   0.00762255     0.00000000  -0.00000000    -0.50890623  -0.03266800
    2    4
 -0.10422201  -0.00746593     0.00000000  -0.00000000    -0.00368996  -0.01167220
  0.00000000  -0.00000000    -0.09559508  -0.00054760     0.00000000  -0.00000000
 -0.01800970  -0.00682201     0.00000000  -0.00000000    -0.08052152  -0.00606013
    2    5
 -0.02306251   0.08126122     0.00000000  -0.00000000     0.00482617   0.01470555
  0.00000000  -0.00000000    -0.00022249  -0.00073679     0.00000000  -0.00000000
  0.00012906   0.02541442     0.00000000  -0.00000000     0.00259887   0.03021788
    3    1
 -0.00772165   0.00039349     0.00000000  -0.00000000    -0.00604656   0.03276030
  0.00000000  -0.00000000     0.00502581   0.00023964     0.00000000  -0.00000000
 -0.03591738   0.05797484     0.00000000  -0.00000000     0.01179717  -0.00733159
    3    2
 -0.06897443  -0.03630449     0.00000000  -0.00000000    -0.00551642  -0.00762255
  0.00000000  -0.00000000    -0.03900276  -0.00169112     0.00000000  -0.00000000
 -0.01546555  -0.02311226     0.00000000  -0.00000000    -0.50890623   0.03266800
    3    3
  0.07037305  -0.00000000     0.00000000  -0.00000000     0.00625554   0.00539810
  0.00000000  -0.00000000     0.05536681  -0.00000000     0.00000000  -0.00000000
  0.00625554  -0.00539810     0.00000000  -0.00000000     0.55572265  -0.00000000
    3    4
  0.01532985   0.02874204     0.00000000  -0.00000000     0.00752295   0.00012460
  0.00000000  -0.00000000    -0.00226448  -0.01163313     0.00000000  -0.00000000
  0.01386702   0.00572415     0.00000000  -0.00000000    -0.03138662  -0.00434788
    3    5
  0.00974220  -0.00527335     0.00000000  -0.00000000     0.02960055  -0.02645816
  0.00000000  -0.00000000    -0.00416647  -0.00088541     0.00000000  -0.00000000
  0.11108614   0.00469013     0.00000000  -0.00000000    -0.01397938   0.00300586
    4    1
 -0.00691587   0.02019700     0.00000000  -0.00000000    -0.00474721   0.01135457
  0.00000000  -0.00000000    -0.00222048   0.00711135     0.00000000  -0.00000000
  0.00330606   0.01879843     0.00000000  -0.00000000     0.00104659   0.01674226
    4    2
 -0.10422201   0.00746593     0.00000000  -0.00000000    -0.01800970   0.00682201
  0.00000000  -0.00000000    -0.09559508   0.00054760     0.00000000  -0.00000000
 -0.00368996   0.01167220     0.00000000  -0.00000000    -0.08052152   0.00606013
    4    3
  0.01532985  -0.02874204     0.00000000  -0.00000000     0.01386702  -0.00572415
  0.00000000  -0.00000000    -0.00226448   0.01163313     0.00000000  -0.00000000
  0.00752295  -0.00012460     0.00000000  -0.00000000    -0.03138662   0.00434788
    4    4
  0.16733645  -0.00000000     0.00000000  -0.00000000     0.00498450   0.00021538
  0.00000000  -0.00000000     0.24867580  -0.00000000     0.00000000  -0.00000000
  0.00498450  -0.00021538     0.00000000  -0.00000000     0.11171663  -0.00000000
    4    5
 -0.00990414   0.00886523     0.00000000  -0.00000000     0.00689856  -0.00633719
  0.00000000  -0.00000000    -0.01005558   0.03051652     0.00000000  -0.00000000
 -0.03908353  -0.01384519     0.00000000  -0.00000000     0.00026716  -0.00975362
    5    1
 -0.10143638  -0.03616671     0.00000000  -0.00000000    -0.01385569  -0.01441907
  0.00000000  -0.00000000     0.00200207   0.00223433     0.00000000  -0.00000000
 -0.00597009  -0.00581586     0.00000000  -0.00000000    -0.04252750   0.00365675
    5    2
 -0.02306251  -0.08126122     0.00000000  -0.00000000     0.00012906  -0.02541442
  0.00000000  -0.00000000    -0.00022249   0.00073679     0.00000000  -0.00000000
  0.00482617  -0.01470555     0.00000000  -0.00000000     0.00259887  -0.03021788
    5    3
  0.00974220   0.00527335     0.00000000  -0.00000000     0.11108614  -0.00469013
  0.00000000  -0.00000000    -0.00416647   0.00088541     0.00000000  -0.00000000
  0.02960055   0.02645816     0.00000000  -0.00000000    -0.01397938  -0.00300586
    5    4
 -0.00990414  -0.00886523     0.00000000  -0.00000000    -0.03908353   0.01384519
  0.00000000  -0.00000000    -0.01005558  -0.03051652     0.00000000  -0.00000000
  0.00689856   0.00633719     0.00000000  -0.00000000     0.00026716   0.00975362
    5    5
  0.43851768  -0.00000000     0.00000000  -0.00000000     0.00793877   0.01451345
  0.00000000  -0.00000000     0.14204241  -0.00000000     0.00000000  -0.00000000
  0.00793877  -0.01451345     0.00000000  -0.00000000     0.11371080  -0.00000000

     Dynamical  Matrix in cartesian axes

     q = (   -0.398192207   0.000000000   0.161223883 ) 

    1    1
  0.18530437   0.00000000     0.00000000   0.00000000    -0.00845021   0.00223110
  0.00000000   0.00000000     0.03069704   0.00000000     0.00000000   0.00000000
 -0.00845021  -0.00223110     0.00000000   0.00000000     0.13421311   0.00000000
    1    2
  0.00016815   0.02599522     0.00000000   0.00000000     0.03057256  -0.10700764
  0.00000000   0.00000000    -0.00029865  -0.00698737     0.00000000   0.00000000
  0.07524632  -0.06125076     0.00000000   0.00000000     0.01456988  -0.03129247
    1    3
  0.00601566  -0.00485701     0.00000000   0.00000000     0.00501898   0.06801434
  0.00000000   0.00000000    -0.00420682   0.00276023     0.00000000   0.00000000
  0.01436425   0.03005772     0.00000000   0.00000000    -0.00523471   0.01286559
    1    4
 -0.00627644  -0.02040476     0.00000000   0.00000000     0.01372410   0.01326500
  0.00000000   0.00000000    -0.00238354  -0.00705837     0.00000000   0.00000000
  0.00283348   0.01197638     0.00000000   0.00000000    -0.01068756  -0.01292960
    1    5
 -0.10143638  -0.03616671     0.00000000   0.00000000     0.00597009   0.00581586
  0.00000000   0.00000000     0.00200207   0.00223433     0.00000000   0.00000000
  0.01385569   0.01441907     0.00000000   0.00000000    -0.04252750   0.00365675
    2    1
  0.00016815  -0.02599522     0.00000000   0.00000000     0.07524632   0.06125076
  0.00000000   0.00000000    -0.00029865   0.00698737     0.00000000   0.00000000
  0.03057256   0.10700764     0.00000000   0.00000000     0.01456988   0.03129247
    2    2
  0.49641450   0.00000000     0.00000000   0.00000000    -0.01809994  -0.02237923
  0.00000000   0.00000000     0.16622713   0.00000000     0.00000000   0.00000000
 -0.01809994   0.02237923     0.00000000   0.00000000     0.75502083   0.00000000
    2    3
 -0.06897443  -0.03630449     0.00000000   0.00000000     0.01546555   0.02311226
  0.00000000   0.00000000    -0.03900276  -0.00169112     0.00000000   0.00000000
  0.00551642   0.00762255     0.00000000   0.00000000    -0.50890623   0.03266800
    2    4
 -0.10422201   0.00746593     0.00000000   0.00000000     0.00368996  -0.01167220
  0.00000000   0.00000000    -0.09559508   0.00054760     0.00000000   0.00000000
  0.01800970  -0.00682201     0.00000000   0.00000000    -0.08052152   0.00606013
    2    5
 -0.02910619   0.07929751     0.00000000   0.00000000     0.01254816  -0.00906029
  0.00000000   0.00000000     0.00061307  -0.00046530     0.00000000   0.00000000
  0.01504264  -0.02048484     0.00000000   0.00000000    -0.01986415   0.02291920
    3    1
  0.00601566   0.00485701     0.00000000   0.00000000     0.01436425  -0.03005772
  0.00000000   0.00000000    -0.00420682  -0.00276023     0.00000000   0.00000000
  0.00501898  -0.06801434     0.00000000   0.00000000    -0.00523471  -0.01286559
    3    2
 -0.06897443   0.03630449     0.00000000   0.00000000     0.00551642  -0.00762255
  0.00000000   0.00000000    -0.03900276   0.00169112     0.00000000   0.00000000
  0.01546555  -0.02311226     0.00000000   0.00000000    -0.50890623  -0.03266800
    3    3
  0.07037305   0.00000000     0.00000000   0.00000000    -0.00625554   0.00539810
  0.00000000   0.00000000     0.05536681   0.00000000     0.00000000   0.00000000
 -0.00625554  -0.00539810     0.00000000   0.00000000     0.55572265   0.00000000
    3    4
  0.01532985  -0.02874204     0.00000000   0.00000000    -0.00752295   0.00012460
  0.00000000   0.00000000    -0.00226448   0.01163313     0.00000000   0.00000000
 -0.01386702   0.00572415     0.00000000   0.00000000    -0.03138662   0.00434788
    3    5
 -0.00478201  -0.00999255     0.00000000   0.00000000     0.00839563   0.03880386
  0.00000000   0.00000000     0.00389117   0.00173268     0.00000000   0.00000000
  0.09262737   0.06150040     0.00000000   0.00000000     0.00954276   0.01064866
    4    1
 -0.00627644   0.02040476     0.00000000   0.00000000     0.00283348  -0.01197638
  0.00000000   0.00000000    -0.00238354   0.00705837     0.00000000   0.00000000
  0.01372410  -0.01326500     0.00000000   0.00000000    -0.01068756   0.01292960
    4    2
 -0.10422201  -0.00746593     0.00000000   0.00000000     0.01800970   0.00682201
  0.00000000   0.00000000    -0.09559508  -0.00054760     0.00000000   0.00000000
  0.00368996   0.01167220     0.00000000   0.00000000    -0.08052152  -0.00606013
    4    3
  0.01532985   0.02874204     0.00000000   0.00000000    -0.01386702  -0.00572415
  0.00000000   0.00000000    -0.00226448  -0.01163313     0.00000000   0.00000000
 -0.00752295  -0.00012460     0.00000000   0.00000000    -0.03138662  -0.00434788
    4    4
  0.16733645   0.00000000     0.00000000   0.00000000    -0.00498450   0.00021538
  0.00000000   0.00000000     0.24867580   0.00000000     0.00000000   0.00000000
 -0.00498450  -0.00021538     0.00000000   0.00000000     0.11171663   0.00000000
    4    5
  0.00280177   0.01299363     0.00000000   0.00000000     0.00185615   0.00918177
  0.00000000   0.00000000    -0.00980203   0.03059890     0.00000000   0.00000000
 -0.03975724  -0.01177173     0.00000000   0.00000000     0.00551690  -0.00804787
    5    1
 -0.10143638   0.03616671     0.00000000   0.00000000     0.01385569  -0.01441907
  0.00000000   0.00000000     0.00200207  -0.00223433     0.00000000   0.00000000
  0.00597009  -0.00581586     0.00000000   0.00000000    -0.04252750  -0.00365675
    5    2
 -0.02910619  -0.07929751     0.00000000   0.00000000     0.01504264   0.02048484
  0.00000000   0.00000000     0.00061307   0.00046530     0.00000000   0.00000000
  0.01254816   0.00906029     0.00000000   0.00000000    -0.01986415  -0.02291920
    5    3
 -0.00478201   0.00999255     0.00000000   0.00000000     0.09262737  -0.06150040
  0.00000000   0.00000000     0.00389117  -0.00173268     0.00000000   0.00000000
  0.00839563  -0.03880386     0.00000000   0.00000000     0.00954276  -0.01064866
    5    4
  0.00280177  -0.01299363     0.00000000   0.00000000    -0.03975724   0.01177173
  0.00000000   0.00000000    -0.00980203  -0.03059890     0.00000000   0.00000000
  0.00185615  -0.00918177     0.00000000   0.00000000     0.00551690   0.00804787
    5    5
  0.43851768   0.00000000     0.00000000   0.00000000    -0.00793877   0.01451345
  0.00000000   0.00000000     0.14204241   0.00000000     0.00000000   0.00000000
 -0.00793877  -0.01451345     0.00000000   0.00000000     0.11371080   0.00000000

     Dynamical  Matrix in cartesian axes

     q = (    0.398192207  -0.000000000  -0.161223883 ) 

    1    1
  0.18530437  -0.00000000     0.00000000  -0.00000000    -0.00845021  -0.00223110
  0.00000000  -0.00000000     0.03069704  -0.00000000     0.00000000  -0.00000000
 -0.00845021   0.00223110     0.00000000  -0.00000000     0.13421311  -0.00000000
    1    2
  0.00016815  -0.02599522     0.00000000  -0.00000000     0.03057256   0.10700764
  0.00000000  -0.00000000    -0.00029865   0.00698737     0.00000000  -0.00000000
  0.07524632   0.06125076     0.00000000  -0.00000000     0.01456988   0.03129247
    1    3
  0.00601566   0.00485701     0.00000000  -0.00000000     0.00501898  -0.06801434
  0.00000000  -0.00000000    -0.00420682  -0.00276023     0.00000000  -0.00000000
  0.01436425  -0.03005772     0.00000000  -0.00000000    -0.00523471  -0.01286559
    1    4
 -0.00627644   0.02040476     0.00000000  -0.00000000     0.01372410  -0.01326500
  0.00000000  -0.00000000    -0.00238354   0.00705837     0.00000000  -0.00000000
  0.00283348  -0.01197638     0.00000000  -0.00000000    -0.01068756   0.01292960
    1    5
 -0.10143638   0.03616671     0.00000000  -0.00000000     0.00597009  -0.00581586
  0.00000000  -0.00000000     0.00200207  -0.00223433     0.00000000  -0.00000000
  0.01385569  -0.01441907     0.00000000  -0.00000000    -0.04252750  -0.00365675
    2    1
  0.00016815   0.02599522     0.00000000  -0.00000000     0.07524632  -0.06125076
  0.00000000  -0.00000000    -0.00029865  -0.00698737     0.00000000  -0.00000000
  0.03057256  -0.10700764     0.00000000  -0.00000000     0.01456988  -0.03129247
    2    2
  0.49641450  -0.00000000     0.00000000  -0.00000000    -0.01809994   0.02237923
  0.00000000  -0.00000000     0.16622713  -0.00000000     0.00000000  -0.00000000
 -0.01809994  -0.02237923     0.00000000  -0.00000000     0.75502083  -0.00000000
    2    3
 -0.06897443   0.03630449     0.00000000  -0.00000000     0.01546555  -0.02311226
  0.00000000  -0.00000000    -0.03900276   0.00169112     0.00000000  -0.00000000
  0.00551642  -0.00762255     0.00000000  -0.00000000    -0.50890623  -0.03266800
    2    4
 -0.10422201  -0.00746593     0.00000000  -0.00000000     0.00368996   0.01167220
  0.00000000  -0.00000000    -0.09559508  -0.00054760     0.00000000  -0.00000000
  0.01800970   0.00682201     0.00000000  -0.00000000    -0.08052152  -0.00606013
    2    5
 -0.02910619  -0.07929751     0.00000000  -0.00000000     0.01254816   0.00906029
  0.00000000  -0.00000000     0.00061307   0.00046530     0.00000000  -0.00000000
  0.01504264   0.02048484     0.00000000  -0.00000000    -0.01986415  -0.02291920
    3    1
  0.00601566  -0.00485701     0.00000000  -0.00000000     0.01436425   0.03005772
  0.00000000  -0.00000000    -0.00420682   0.00276023     0.00000000  -0.00000000
  0.00501898   0.06801434     0.00000000  -0.00000000    -0.00523471   0.01286559
    3    2
 -0.06897443  -0.03630449     0.00000000  -0.00000000     0.00551642   0.00762255
  0.00000000  -0.00000000    -0.03900276  -0.00169112     0.00000000  -0.00000000
  0.01546555   0.02311226     0.00000000  -0.00000000    -0.50890623   0.03266800
    3    3
  0.07037305  -0.00000000     0.00000000  -0.00000000    -0.00625554  -0.00539810
  0.00000000  -0.00000000     0.05536681  -0.00000000     0.00000000  -0.00000000
 -0.00625554   0.00539810     0.00000000  -0.00000000     0.55572265  -0.00000000
    3    4
  0.01532985   0.02874204     0.00000000  -0.00000000    -0.00752295  -0.00012460
  0.00000000  -0.00000000    -0.00226448  -0.01163313     0.00000000  -0.00000000
 -0.01386702  -0.00572415     0.00000000  -0.00000000    -0.03138662  -0.00434788
    3    5
 -0.00478201   0.00999255     0.00000000  -0.00000000     0.00839563  -0.03880386
  0.00000000  -0.00000000     0.00389117  -0.00173268     0.00000000  -0.00000000
  0.09262737  -0.06150040     0.00000000  -0.00000000     0.00954276  -0.01064866
    4    1
 -0.00627644  -0.02040476     0.00000000  -0.00000000     0.00283348   0.01197638
  0.00000000  -0.00000000    -0.00238354  -0.00705837     0.00000000  -0.00000000
  0.01372410   0.01326500     0.00000000  -0.00000000    -0.01068756  -0.01292960
    4    2
 -0.10422201   0.00746593     0.00000000  -0.00000000     0.01800970  -0.00682201
  0.00000000  -0.00000000    -0.09559508   0.00054760     0.00000000  -0.00000000
  0.00368996  -0.01167220     0.00000000  -0.00000000    -0.08052152   0.00606013
    4    3
  0.01532985  -0.02874204     0.00000000  -0.00000000    -0.01386702   0.00572415
  0.00000000  -0.00000000    -0.00226448   0.01163313     0.00000000  -0.00000000
 -0.00752295   0.00012460     0.00000000  -0.00000000    -0.03138662   0.00434788
    4    4
  0.16733645  -0.00000000     0.00000000  -0.00000000    -0.00498450  -0.00021538
  0.00000000  -0.00000000     0.24867580  -0.00000000     0.00000000  -0.00000000
 -0.00498450   0.00021538     0.00000000  -0.00000000     0.11171663  -0.00000000
    4    5
  0.00280177  -0.01299363     0.00000000  -0.00000000     0.00185615  -0.00918177
  0.00000000  -0.00000000    -0.00980203  -0.03059890     0.00000000  -0.00000000
 -0.03975724   0.01177173     0.00000000  -0.00000000     0.00551690   0.00804787
    5    1
 -0.10143638  -0.03616671     0.00000000  -0.00000000     0.01385569   0.01441907
  0.00000000  -0.00000000     0.00200207   0.00223433     0.00000000  -0.00000000
  0.00597009   0.00581586     0.00000000  -0.00000000    -0.04252750   0.00365675
    5    2
 -0.02910619   0.07929751     0.00000000  -0.00000000     0.01504264  -0.02048484
  0.00000000  -0.00000000     0.00061307  -0.00046530     0.00000000  -0.00000000
  0.01254816  -0.00906029     0.00000000  -0.00000000    -0.01986415   0.02291920
    5    3
 -0.00478201  -0.00999255     0.00000000  -0.00000000     0.09262737   0.06150040
  0.00000000  -0.00000000     0.00389117   0.00173268     0.00000000  -0.00000000
  0.00839563   0.03880386     0.00000000  -0.00000000     0.00954276   0.01064866
    5    4
  0.00280177   0.01299363     0.00000000  -0.00000000    -0.03975724  -0.01177173
  0.00000000  -0.00000000    -0.00980203   0.03059890     0.00000000  -0.00000000
  0.00185615   0.00918177     0.00000000  -0.00000000     0.00551690  -0.00804787
    5    5
  0.43851768  -0.00000000     0.00000000  -0.00000000    -0.00793877  -0.01451345
  0.00000000  -0.00000000     0.14204241  -0.00000000     0.00000000  -0.00000000
 -0.00793877   0.01451345     0.00000000  -0.00000000     0.11371080  -0.00000000

     Dynamical  Matrix in cartesian axes

     q = (    0.000000000  -0.398192207   0.161223883 ) 

    1    1
  0.03069704   0.00000000     0.00000000   0.00000000     0.00000000   0.00000000
  0.00000000   0.00000000     0.18530437   0.00000000    -0.00845021   0.00223110
  0.00000000   0.00000000    -0.00845021  -0.00223110     0.13421311   0.00000000
    1    2
 -0.00029865  -0.00698737     0.00000000   0.00000000     0.00000000   0.00000000
  0.00000000   0.00000000     0.00016815   0.02599522     0.03057256  -0.10700764
  0.00000000   0.00000000     0.07524632  -0.06125076     0.01456988  -0.03129247
    1    3
 -0.00420682   0.00276023     0.00000000   0.00000000     0.00000000   0.00000000
  0.00000000   0.00000000     0.00601566  -0.00485701     0.00501898   0.06801434
  0.00000000   0.00000000     0.01436425   0.03005772    -0.00523471   0.01286559
    1    4
  0.00200207   0.00223433     0.00000000   0.00000000     0.00000000   0.00000000
  0.00000000   0.00000000    -0.10143638  -0.03616671     0.00597009   0.00581586
  0.00000000   0.00000000     0.01385569   0.01441907    -0.04252750   0.00365675
    1    5
 -0.00238354  -0.00705837     0.00000000   0.00000000     0.00000000   0.00000000
  0.00000000   0.00000000    -0.00627644  -0.02040476     0.01372410   0.01326500
  0.00000000   0.00000000     0.00283348   0.01197638    -0.01068756  -0.01292960
    2    1
 -0.00029865   0.00698737     0.00000000   0.00000000     0.00000000   0.00000000
  0.00000000   0.00000000     0.00016815  -0.02599522     0.07524632   0.06125076
  0.00000000   0.00000000     0.03057256   0.10700764     0.01456988   0.03129247
    2    2
  0.16622713   0.00000000     0.00000000   0.00000000     0.00000000   0.00000000
  0.00000000   0.00000000     0.49641450   0.00000000    -0.01809994  -0.02237923
  0.00000000   0.00000000    -0.01809994   0.02237923     0.75502083   0.00000000
    2    3
 -0.03900276  -0.00169112     0.00000000   0.00000000     0.00000000   0.00000000
  0.00000000   0.00000000    -0.06897443  -0.03630449     0.01546555   0.02311226
  0.00000000   0.00000000     0.00551642   0.00762255    -0.50890623   0.03266800
    2    4
  0.00061307  -0.00046530     0.00000000   0.00000000     0.00000000   0.00000000
  0.00000000   0.00000000    -0.02910619   0.07929751     0.01254816  -0.00906029
  0.00000000   0.00000000     0.01504264  -0.02048484    -0.01986415   0.02291920
    2    5
 -0.09559508   0.00054760     0.00000000   0.00000000     0.00000000   0.00000000
  0.00000000   0.00000000    -0.10422201   0.00746593     0.00368996  -0.01167220
  0.00000000   0.00000000     0.01800970  -0.00682201    -0.08052152   0.00606013
    3    1
 -0.00420682  -0.00276023     0.00000000   0.00000000     0.00000000   0.00000000
  0.00000000   0.00000000     0.00601566   0.00485701     0.01436425  -0.03005772
  0.00000000   0.00000000     0.00501898  -0.06801434    -0.00523471  -0.01286559
    3    2
 -0.03900276   0.00169112     0.00000000   0.00000000     0.00000000   0.00000000
  0.00000000   0.00000000    -0.06897443   0.03630449     0.00551642  -0.00762255
  0.00000000   0.00000000     0.01546555  -0.02311226    -0.50890623  -0.03266800
    3    3
  0.05536681   0.00000000     0.00000000   0.00000000     0.00000000   0.00000000
  0.00000000   0.00000000     0.07037305   0.00000000    -0.00625554   0.00539810
  0.00000000   0.00000000    -0.00625554  -0.00539810     0.55572265   0.00000000
    3    4
  0.00389117   0.00173268     0.00000000   0.00000000     0.00000000   0.00000000
  0.00000000   0.00000000    -0.00478201  -0.00999255     0.00839563   0.03880386
  0.00000000   0.00000000     0.09262737   0.06150040     0.00954276   0.01064866
    3    5
 -0.00226448   0.01163313     0.00000000   0.00000000     0.00000000   0.00000000
  0.00000000   0.00000000     0.01532985  -0.02874204    -0.00752295   0.00012460
  0.00000000   0.00000000    -0.01386702   0.00572415    -0.03138662   0.00434788
    4    1
  0.00200207  -0.00223433     0.00000000   0.00000000     0.00000000   0.00000000
  0.00000000   0.00000000    -0.10143638   0.03616671     0.01385569  -0.01441907
  0.00000000   0.00000000     0.00597009  -0.00581586    -0.04252750  -0.00365675
    4    2
  0.00061307   0.00046530     0.00000000   0.00000000     0.00000000   0.00000000
  0.00000000   0.00000000    -0.02910619  -0.07929751     0.01504264   0.02048484
  0.00000000   0.00000000     0.01254816   0.00906029    -0.01986415  -0.02291920
    4    3
  0.00389117  -0.00173268     0.00000000   0.00000000     0.00000000   0.00000000
  0.00000000   0.00000000    -0.00478201   0.00999255     0.09262737  -0.06150040
  0.00000000   0.00000000     0.00839563  -0.03880386     0.00954276  -0.01064866
    4    4
  0.14204241   0.00000000     0.00000000   0.00000000     0.00000000   0.00000000
  0.00000000   0.00000000     0.43851768   0.00000000    -0.00793877   0.01451345
  0.00000000   0.00000000    -0.00793877  -0.01451345     0.11371080   0.00000000
    4    5
 -0.00980203  -0.03059890     0.00000000   0.00000000     0.00000000   0.00000000
  0.00000000   0.00000000     0.00280177  -0.01299363    -0.03975724   0.01177173
  0.00000000   0.00000000     0.00185615  -0.00918177     0.00551690   0.00804787
    5    1
 -0.00238354   0.00705837     0.00000000   0.00000000     0.00000000   0.00000000
  0.00000000   0.00000000    -0.00627644   0.02040476     0.00283348  -0.01197638
  0.00000000   0.00000000     0.01372410  -0.01326500    -0.01068756   0.01292960
    5    2
 -0.09559508  -0.00054760     0.00000000   0.00000000     0.00000000   0.00000000
  0.00000000   0.00000000    -0.10422201  -0.00746593     0.01800970   0.00682201
  0.00000000   0.00000000     0.00368996   0.01167220    -0.08052152  -0.00606013
    5    3
 -0.00226448  -0.01163313     0.00000000   0.00000000     0.00000000   0.00000000
  0.00000000   0.00000000     0.01532985   0.02874204    -0.01386702  -0.00572415
  0.00000000   0.00000000    -0.00752295  -0.00012460    -0.03138662  -0.00434788
    5    4
 -0.00980203   0.03059890     0.00000000   0.00000000     0.00000000   0.00000000
  0.00000000   0.00000000     0.00280177   0.01299363     0.00185615   0.00918177
  0.00000000   0.00000000    -0.03975724  -0.01177173     0.00551690  -0.00804787
    5    5
  0.24867580   0.00000000     0.00000000   0.00000000     0.00000000   0.00000000
  0.00000000   0.00000000     0.16733645   0.00000000    -0.00498450   0.00021538
  0.00000000   0.00000000    -0.00498450  -0.00021538     0.11171663   0.00000000

     Dynamical  Matrix in cartesian axes

     q = (   -0.000000000   0.398192207  -0.161223883 ) 

    1    1
  0.03069704  -0.00000000     0.00000000  -0.00000000     0.00000000  -0.00000000
  0.00000000  -0.00000000     0.18530437  -0.00000000    -0.00845021  -0.00223110
  0.00000000  -0.00000000    -0.00845021   0.00223110     0.13421311  -0.00000000
    1    2
 -0.00029865   0.00698737     0.00000000  -0.00000000     0.00000000  -0.00000000
  0.00000000  -0.00000000     0.00016815  -0.02599522     0.03057256   0.10700764
  0.00000000  -0.00000000     0.07524632   0.06125076     0.01456988   0.03129247
    1    3
 -0.00420682  -0.00276023     0.00000000  -0.00000000     0.00000000  -0.00000000
  0.00000000  -0.00000000     0.00601566   0.00485701     0.00501898  -0.06801434
  0.00000000  -0.00000000     0.01436425  -0.03005772    -0.00523471  -0.01286559
    1    4
  0.00200207  -0.00223433     0.00000000  -0.00000000     0.00000000  -0.00000000
  0.00000000  -0.00000000    -0.10143638   0.03616671     0.00597009  -0.00581586
  0.00000000  -0.00000000     0.01385569  -0.01441907    -0.04252750  -0.00365675
    1    5
 -0.00238354   0.00705837     0.00000000  -0.00000000     0.00000000  -0.00000000
  0.00000000  -0.00000000    -0.00627644   0.02040476     0.01372410  -0.01326500
  0.00000000  -0.00000000     0.00283348  -0.01197638    -0.01068756   0.01292960
    2    1
 -0.00029865  -0.00698737     0.00000000  -0.00000000     0.00000000  -0.00000000
  0.00000000  -0.00000000     0.00016815   0.02599522     0.07524632  -0.06125076
  0.00000000  -0.00000000     0.03057256  -0.10700764     0.01456988  -0.03129247
    2    2
  0.16622713  -0.00000000     0.00000000  -0.00000000     0.00000000  -0.00000000
  0.00000000  -0.00000000     0.49641450  -0.00000000    -0.01809994   0.02237923
  0.00000000  -0.00000000    -0.01809994  -0.02237923     0.75502083  -0.00000000
    2    3
 -0.03900276   0.00169112     0.00000000  -0.00000000     0.00000000  -0.00000000
  0.00000000  -0.00000000    -0.06897443   0.03630449     0.01546555  -0.02311226
  0.00000000  -0.00000000     0.00551642  -0.00762255    -0.50890623  -0.03266800
    2    4
  0.00061307   0.00046530     0.00000000  -0.00000000     0.00000000  -0.00000000
  0.00000000  -0.00000000    -0.02910619  -0.07929751     0.01254816   0.00906029
  0.00000000  -0.00000000     0.01504264   0.02048484    -0.01986415  -0.02291920
    2    5
 -0.09559508  -0.00054760     0.00000000  -0.00000000     0.00000000  -0.00000000
  0.00000000  -0.00000000    -0.10422201  -0.00746593     0.00368996   0.01167220
  0.00000000  -0.00000000     0.01800970   0.00682201    -0.08052152  -0.00606013
    3    1
 -0.00420682   0.00276023     0.00000000  -0.00000000     0.00000000  -0.00000000
  0.00000000  -0.00000000     0.00601566  -0.00485701     0.01436425   0.03005772
  0.00000000  -0.00000000     0.00501898   0.06801434    -0.00523471   0.01286559
    3    2
 -0.03900276  -0.00169112     0.00000000  -0.00000000     0.00000000  -0.00000000
  0.00000000  -0.00000000    -0.06897443  -0.03630449     0.00551642   0.00762255
  0.00000000  -0.00000000     0.01546555   0.02311226    -0.50890623   0.03266800
    3    3
  0.05536681  -0.00000000     0.00000000  -0.00000000     0.00000000  -0.00000000
  0.00000000  -0.00000000     0.07037305  -0.00000000    -0.00625554  -0.00539810
  0.00000000  -0.00000000    -0.00625554   0.00539810     0.55572265  -0.00000000
    3    4
  0.00389117  -0.00173268     0.00000000  -0.00000000     0.00000000  -0.00000000
  0.00000000  -0.00000000    -0.00478201   0.00999255     0.00839563  -0.03880386
  0.00000000  -0.00000000     0.09262737  -0.06150040     0.00954276  -0.01064866
    3    5
 -0.00226448  -0.01163313     0.00000000  -0.00000000     0.00000000  -0.00000000
  0.00000000  -0.00000000     0.01532985   0.02874204    -0.00752295  -0.00012460
  0.00000000  -0.00000000    -0.01386702  -0.00572415    -0.03138662  -0.00434788
    4    1
  0.00200207   0.00223433     0.00000000  -0.00000000     0.00000000  -0.00000000
  0.00000000  -0.00000000    -0.10143638  -0.03616671     0.01385569   0.01441907
  0.00000000  -0.00000000     0.00597009   0.00581586    -0.04252750   0.00365675
    4    2
  0.00061307  -0.00046530     0.00000000  -0.00000000     0.00000000  -0.00000000
  0.00000000  -0.00000000    -0.02910619   0.07929751     0.01504264  -0.02048484
  0.00000000  -0.00000000     0.01254816  -0.00906029    -0.01986415   0.02291920
    4    3
  0.00389117   0.00173268     0.00000000  -0.00000000     0.00000000  -0.00000000
  0.00000000  -0.00000000    -0.00478201  -0.00999255     0.09262737   0.06150040
  0.00000000  -0.00000000     0.00839563   0.03880386     0.00954276   0.01064866
    4    4
  0.14204241  -0.00000000     0.00000000  -0.00000000     0.00000000  -0.00000000
  0.00000000  -0.00000000     0.43851768  -0.00000000    -0.00793877  -0.01451345
  0.00000000  -0.00000000    -0.00793877   0.01451345     0.11371080  -0.00000000
    4    5
 -0.00980203   0.03059890     0.00000000  -0.00000000     0.00000000  -0.00000000
  0.00000000  -0.00000000     0.00280177   0.01299363    -0.03975724  -0.01177173
  0.00000000  -0.00000000     0.00185615   0.00918177     0.00551690  -0.00804787
    5    1
 -0.00238354  -0.00705837     0.00000000  -0.00000000     0.00000000  -0.00000000
  0.00000000  -0.00000000    -0.00627644  -0.02040476     0.00283348   0.01197638
  0.00000000  -0.00000000     0.01372410   0.01326500    -0.01068756  -0.01292960
    5    2
 -0.09559508   0.00054760     0.00000000  -0.00000000     0.00000000  -0.00000000
  0.00000000  -0.00000000    -0.10422201   0.00746593     0.01800970  -0.00682201
  0.00000000  -0.00000000     0.00368996  -0.01167220    -0.08052152   0.00606013
    5    3
 -0.00226448   0.01163313     0.00000000  -0.00000000     0.00000000  -0.00000000
  0.00000000  -0.00000000     0.01532985  -0.02874204    -0.01386702   0.00572415
  0.00000000  -0.00000000    -0.00752295   0.00012460    -0.03138662   0.00434788
    5    4
 -0.00980203  -0.03059890     0.00000000  -0.00000000     0.00000000  -0.00000000
  0.00000000  -0.00000000     0.00280177  -0.01299363     0.00185615  -0.00918177
  0.00000000  -0.00000000    -0.03975724   0.01177173     0.00551690   0.00804787
    5    5
  0.24867580  -0.00000000     0.00000000  -0.00000000     0.00000000  -0.00000000
  0.00000000  -0.00000000     0.16733645  -0.00000000    -0.00498450  -0.00021538
  0.00000000  -0.00000000    -0.00498450   0.00021538     0.11171663  -0.00000000

     Diagonalizing the dynamical matrix

     q = (    0.000000000   0.398192207   0.161223883 ) 

 **************************************************************************
     freq (    1) =       1.708334 [THz] =      56.983885 [cm-1]
 ( -0.658768 -0.734977  0.000000 -0.000000 -0.000000 -0.000000 ) 
 (  0.066016 -0.071531  0.000000  0.000000 -0.000000  0.000000 ) 
 (  0.108157 -0.001139  0.000000 -0.000000 -0.000000  0.000000 ) 
 (  0.018127 -0.012378 -0.000000 -0.000000 -0.000000  0.000000 ) 
 (  0.044667 -0.046719  0.000000 -0.000000 -0.000000  0.000000 ) 
     freq (    2) =       2.219186 [THz] =      74.024074 [cm-1]
 (  0.000000  0.000000  0.137157 -0.012571 -0.479327  0.318809 ) 
 (  0.000000 -0.000000  0.152304 -0.142740 -0.234140  0.020940 ) 
 (  0.000000 -0.000000  0.159592 -0.522489 -0.228404  0.028948 ) 
 (  0.000000 -0.000000  0.038517 -0.022697 -0.153165  0.326003 ) 
 (  0.000000  0.000000 -0.008146 -0.081467 -0.246768  0.000000 ) 
     freq (    3) =       3.108637 [THz] =     103.692971 [cm-1]
 ( -0.000000  0.000000  0.501523  0.243702  0.198564 -0.004868 ) 
 (  0.000000  0.000000 -0.056106  0.093239 -0.370284 -0.040033 ) 
 (  0.000000  0.000000  0.021537  0.284353 -0.410769  0.003214 ) 
 ( -0.000000  0.000000  0.228929  0.032919 -0.018484 -0.042162 ) 
 ( -0.000000  0.000000  0.026489  0.130250 -0.419210  0.000000 ) 
     freq (    4) =       4.186891 [THz] =     139.659646 [cm-1]
 (  0.015822 -0.028878  0.000000  0.000000  0.000000 -0.000000 ) 
 ( -0.443427 -0.369662  0.000000  0.000000 -0.000000 -0.000000 ) 
 ( -0.666850 -0.371640  0.000000  0.000000 -0.000000 -0.000000 ) 
 ( -0.087628  0.007729  0.000000 -0.000000 -0.000000  0.000000 ) 
 ( -0.178845 -0.207626  0.000000 -0.000000 -0.000000  0.000000 ) 
     freq (    5) =       4.706593 [THz] =     156.995042 [cm-1]
 (  0.000000 -0.000000  0.201085  0.038079 -0.102961 -0.053074 ) 
 ( -0.000000 -0.000000 -0.074096 -0.058197  0.265680 -0.039694 ) 
 ( -0.000000 -0.000000 -0.610841 -0.276827  0.303042  0.002150 ) 
 ( -0.000000  0.000000  0.008227  0.016061  0.289068 -0.195666 ) 
 ( -0.000000 -0.000000 -0.070435  0.125535  0.423283  0.000000 ) 
     freq (    6) =       5.734051 [THz] =     191.267354 [cm-1]
 (  0.000000 -0.000000 -0.123030 -0.034499 -0.060861 -0.119823 ) 
 ( -0.000000 -0.000000 -0.107056  0.025043 -0.291664  0.088581 ) 
 (  0.000000 -0.000000 -0.656129 -0.157898 -0.320273  0.060513 ) 
 ( -0.000000  0.000000  0.036103  0.030153  0.290724 -0.168743 ) 
 ( -0.000000 -0.000000 -0.056872  0.158991 -0.393973  0.000000 ) 
     freq (    7) =       7.262315 [THz] =     242.244769 [cm-1]
 ( -0.006878  0.012508 -0.000000 -0.000000 -0.000000 -0.000000 ) 
 (  0.334168 -0.157392 -0.000000 -0.000000 -0.000000  0.000000 ) 
 ( -0.705159  0.562979 -0.000000  0.000000 -0.000000  0.000000 ) 
 ( -0.086874 -0.052610 -0.000000 -0.000000 -0.000000 -0.000000 ) 
 (  0.138009 -0.140711  0.000000 -0.000000 -0.000000  0.000000 ) 
     freq (    8) =       8.878109 [THz] =     296.141845 [cm-1]
 ( -0.000000  0.000000 -0.014393 -0.020350 -0.038127  0.046361 ) 
 (  0.000000 -0.000000 -0.180100  0.431588 -0.016041  0.026698 ) 
 ( -0.000000  0.000000  0.204125 -0.032479 -0.007414  0.001715 ) 
 (  0.000000 -0.000000  0.102715  0.115533  0.096346  0.267981 ) 
 (  0.000000  0.000000 -0.440769  0.615956  0.233769  0.000000 ) 
     freq (    9) =       9.403312 [THz] =     313.660740 [cm-1]
 ( -0.000000  0.000000  0.015415 -0.013399 -0.010284  0.045214 ) 
 (  0.000000  0.000000 -0.001571  0.048672  0.128482 -0.015001 ) 
 ( -0.000000 -0.000000  0.324415 -0.118835  0.162993 -0.031385 ) 
 (  0.000000  0.000000 -0.100158  0.022288  0.302809 -0.620754 ) 
 (  0.000000 -0.000000 -0.285991 -0.008934 -0.511841  0.000000 ) 
     freq (   10) =      10.037194 [THz] =     334.804737 [cm-1]
 ( -0.002017 -0.001992 -0.000000  0.000000  0.000000  0.000000 ) 
 (  0.056454  0.059347  0.000000  0.000000 -0.000000 -0.000000 ) 
 (  0.030427 -0.082982  0.000000 -0.000000 -0.000000 -0.000000 ) 
 ( -0.821494  0.520233  0.000000  0.000000 -0.000000 -0.000000 ) 
 ( -0.156971 -0.123841 -0.000000  0.000000  0.000000  0.000000 ) 
     freq (   11) =      10.441260 [THz] =     348.282953 [cm-1]
 (  0.000000  0.000000 -0.022841  0.001051  0.004754  0.028709 ) 
 (  0.000000  0.000000  0.073133 -0.042483 -0.220625  0.040023 ) 
 ( -0.000000  0.000000  0.191059 -0.020975 -0.263495 -0.015397 ) 
 (  0.000000 -0.000000  0.183475  0.068021  0.193554 -0.506206 ) 
 (  0.000000 -0.000000 -0.166322 -0.179393  0.665392  0.000000 ) 
     freq (   12) =      13.431460 [THz] =     448.025296 [cm-1]
 (  0.000000  0.000000 -0.007750  0.000427 -0.029448  0.001413 ) 
 ( -0.000000  0.000000 -0.370813 -0.227012 -0.006725  0.032754 ) 
 (  0.000000  0.000000  0.363518 -0.042620 -0.064686 -0.011936 ) 
 ( -0.000000  0.000000 -0.050060  0.166751  0.129987 -0.142646 ) 
 (  0.000000 -0.000000  0.628204  0.452189  0.062887  0.000000 ) 
     freq (   13) =      14.193716 [THz] =     473.451407 [cm-1]
 (  0.001721  0.003003 -0.000000  0.000000  0.000000  0.000000 ) 
 ( -0.097290  0.104927 -0.000000 -0.000000  0.000000  0.000000 ) 
 (  0.045359  0.018889 -0.000000 -0.000000  0.000000 -0.000000 ) 
 (  0.117948  0.206216 -0.000000 -0.000000 -0.000000  0.000000 ) 
 (  0.641486 -0.713553 -0.000000 -0.000000 -0.000000  0.000000 ) 
     freq (   14) =      18.098904 [THz] =     603.714442 [cm-1]
 ( -0.000000 -0.000000  0.016004  0.027943  0.005348  0.010140 ) 
 (  0.000000 -0.000000 -0.023000  0.093101 -0.174865 -0.035215 ) 
 ( -0.000000 -0.000000 -0.004880 -0.057384  0.139898  0.106264 ) 
 (  0.000000 -0.000000 -0.880219 -0.337223 -0.020815 -0.078459 ) 
 ( -0.000000  0.000000  0.059555  0.012266  0.157628  0.000000 ) 
     freq (   15) =      23.879603 [THz] =     796.537805 [cm-1]
 ( -0.000000  0.000000  0.018117 -0.009120 -0.002800  0.002941 ) 
 ( -0.000000 -0.000000  0.013901  0.032495  0.296842  0.029265 ) 
 (  0.000000  0.000000 -0.019567  0.005173 -0.889105 -0.128822 ) 
 ( -0.000000  0.000000 -0.314911 -0.028687  0.014602  0.006502 ) 
 (  0.000000 -0.000000 -0.025972 -0.017436  0.024758  0.000000 ) 
 **************************************************************************
