Dynamical matrix file
default                                                                    
  3    5   0   7.2021431   0.0000000   0.0000000   0.0000000   0.0000000   0.0000000
Basis vectors
      1.004540000    0.000000000    0.000000000
      0.000000000    1.004540000    0.000000000
      0.000000000    0.000000000    1.240511000
           1  'Ti  '    43628.101584882053     
           2  'Sn  '    108197.54609942860     
           3  'O   '    14582.196445495396     
    1    2      0.0000000000      0.0000000000      1.1669813705
    2    1      0.5022700000      0.5022700000      0.6398993465
    3    3      0.5022700000      0.5022700000      0.1874332159
    4    3      0.5022700000      0.0000000000      0.7928383811
    5    3      0.0000000000      0.5022700000      0.7928383811

     Dynamical  Matrix in cartesian axes

     q = (    0.000000000   0.398192207   0.322447765 ) 

    1    1
  0.03019481   0.00000000     0.00000000   0.00000000     0.00000000   0.00000000
  0.00000000   0.00000000     0.14868524   0.00000000     0.00208860  -0.00428655
  0.00000000   0.00000000     0.00208860   0.00428655     0.14313013   0.00000000
    1    2
 -0.00238031   0.00377335     0.00000000   0.00000000     0.00000000   0.00000000
  0.00000000   0.00000000     0.00692047  -0.00752156     0.16765087  -0.00351290
  0.00000000   0.00000000     0.12471253   0.01850817    -0.01193265  -0.00820256
    1    3
  0.00152936   0.00512293     0.00000000   0.00000000     0.00000000   0.00000000
  0.00000000   0.00000000    -0.00070816  -0.00122708    -0.09403450   0.00853356
  0.00000000   0.00000000    -0.03430255   0.00736897     0.00403328   0.00028940
    1    4
 -0.00087968   0.00133795     0.00000000   0.00000000     0.00000000   0.00000000
  0.00000000   0.00000000    -0.05429256  -0.02137805    -0.00336410  -0.00546824
  0.00000000   0.00000000    -0.00804034  -0.02642837    -0.05245479   0.00207938
    1    5
 -0.00227277   0.00738863     0.00000000   0.00000000     0.00000000   0.00000000
  0.00000000   0.00000000    -0.00372924   0.01170751    -0.01401031   0.00601575
  0.00000000   0.00000000    -0.00869367   0.00477513    -0.00386681   0.02307925
    2    1
 -0.00238031  -0.00377335     0.00000000   0.00000000     0.00000000   0.00000000
  0.00000000   0.00000000     0.00692047   0.00752156     0.12471253  -0.01850817
  0.00000000   0.00000000     0.16765087   0.00351290    -0.01193265   0.00820256
    2    2
  0.16717879   0.00000000     0.00000000   0.00000000     0.00000000   0.00000000
  0.00000000   0.00000000     0.47445378   0.00000000     0.01041439   0.03265950
  0.00000000   0.00000000     0.01041439  -0.03265950     0.79894625   0.00000000
    2    3
 -0.03700432  -0.00103464     0.00000000   0.00000000     0.00000000   0.00000000
  0.00000000   0.00000000    -0.02750358  -0.02117495    -0.00860967  -0.03627750
  0.00000000   0.00000000    -0.00251765  -0.01144092    -0.55286881   0.01897068
    2    4
 -0.00009488   0.00078083     0.00000000   0.00000000     0.00000000   0.00000000
  0.00000000   0.00000000    -0.02040638  -0.06850005     0.00058237  -0.00785254
  0.00000000   0.00000000     0.00319561  -0.01574886    -0.00689783  -0.04335158
    2    5
 -0.09553583   0.00038365     0.00000000   0.00000000     0.00000000   0.00000000
  0.00000000   0.00000000    -0.08510641   0.00448678    -0.00229763   0.00856860
  0.00000000   0.00000000    -0.01051758   0.02356852    -0.08202544   0.00357085
    3    1
  0.00152936  -0.00512293     0.00000000   0.00000000     0.00000000   0.00000000
  0.00000000   0.00000000    -0.00070816   0.00122708    -0.03430255  -0.00736897
  0.00000000   0.00000000    -0.09403450  -0.00853356     0.00403328  -0.00028940
    3    2
 -0.03700432   0.00103464     0.00000000   0.00000000     0.00000000   0.00000000
  0.00000000   0.00000000    -0.02750358   0.02117495    -0.00251765   0.01144092
  0.00000000   0.00000000    -0.00860967   0.03627750    -0.55286881  -0.01897068
    3    3
  0.05547426   0.00000000     0.00000000   0.00000000     0.00000000   0.00000000
  0.00000000   0.00000000     0.06601673   0.00000000     0.00345380  -0.01052862
  0.00000000   0.00000000     0.00345380   0.01052862     0.57326475   0.00000000
    3    4
 -0.00104656   0.00485318     0.00000000   0.00000000     0.00000000   0.00000000
  0.00000000   0.00000000     0.00353283  -0.00164477     0.06143918   0.00096814
  0.00000000   0.00000000     0.13460312  -0.02536093    -0.00434846   0.00878731
    3    5
  0.01132158   0.00719782     0.00000000   0.00000000     0.00000000   0.00000000
  0.00000000   0.00000000    -0.01661432  -0.01608394     0.00466472  -0.00876132
  0.00000000   0.00000000     0.00744666  -0.01843588    -0.02439859   0.00278344
    4    1
 -0.00087968  -0.00133795     0.00000000   0.00000000     0.00000000   0.00000000
  0.00000000   0.00000000    -0.05429256   0.02137805    -0.00804034   0.02642837
  0.00000000   0.00000000    -0.00336410   0.00546824    -0.05245479  -0.00207938
    4    2
 -0.00009488  -0.00078083     0.00000000   0.00000000     0.00000000   0.00000000
  0.00000000   0.00000000    -0.02040638   0.06850005     0.00319561   0.01574886
  0.00000000   0.00000000     0.00058237   0.00785254    -0.00689783   0.04335158
    4    3
 -0.00104656  -0.00485318     0.00000000   0.00000000     0.00000000   0.00000000
  0.00000000   0.00000000     0.00353283   0.00164477     0.13460312   0.02536093
  0.00000000   0.00000000     0.06143918  -0.00096814    -0.00434846  -0.00878731
    4    4
  0.14254191   0.00000000     0.00000000   0.00000000     0.00000000   0.00000000
  0.00000000   0.00000000     0.42155992   0.00000000     0.00450537  -0.02078939
  0.00000000   0.00000000     0.00450537   0.02078939     0.12121750   0.00000000
    4    5
 -0.00981569   0.02998321     0.00000000   0.00000000     0.00000000   0.00000000
  0.00000000   0.00000000    -0.01089619   0.02080065    -0.03558684  -0.01212489
  0.00000000   0.00000000     0.00638666  -0.00290213     0.00259405  -0.01325304
    5    1
 -0.00227277  -0.00738863     0.00000000   0.00000000     0.00000000   0.00000000
  0.00000000   0.00000000    -0.00372924  -0.01170751    -0.00869367  -0.00477513
  0.00000000   0.00000000    -0.01401031  -0.00601575    -0.00386681  -0.02307925
    5    2
 -0.09553583  -0.00038365     0.00000000   0.00000000     0.00000000   0.00000000
  0.00000000   0.00000000    -0.08510641  -0.00448678    -0.01051758  -0.02356852
  0.00000000   0.00000000    -0.00229763  -0.00856860    -0.08202544  -0.00357085
    5    3
  0.01132158  -0.00719782     0.00000000   0.00000000     0.00000000   0.00000000
  0.00000000   0.00000000    -0.01661432   0.01608394     0.00744666   0.01843588
  0.00000000   0.00000000     0.00466472   0.00876132    -0.02439859  -0.00278344
    5    4
 -0.00981569  -0.02998321     0.00000000   0.00000000     0.00000000   0.00000000
  0.00000000   0.00000000    -0.01089619  -0.02080065     0.00638666   0.00290213
  0.00000000   0.00000000    -0.03558684   0.01212489     0.00259405   0.01325304
    5    5
  0.24710475   0.00000000     0.00000000   0.00000000     0.00000000   0.00000000
  0.00000000   0.00000000     0.15467631   0.00000000     0.00292604   0.00433542
  0.00000000   0.00000000     0.00292604  -0.00433542     0.11065333   0.00000000

     Dynamical  Matrix in cartesian axes

     q = (   -0.000000000  -0.398192207  -0.322447765 ) 

    1    1
  0.03019481  -0.00000000     0.00000000  -0.00000000     0.00000000  -0.00000000
  0.00000000  -0.00000000     0.14868524  -0.00000000     0.00208860   0.00428655
  0.00000000  -0.00000000     0.00208860  -0.00428655     0.14313013  -0.00000000
    1    2
 -0.00238031  -0.00377335     0.00000000  -0.00000000     0.00000000  -0.00000000
  0.00000000  -0.00000000     0.00692047   0.00752156     0.16765087   0.00351290
  0.00000000  -0.00000000     0.12471253  -0.01850817    -0.01193265   0.00820256
    1    3
  0.00152936  -0.00512293     0.00000000  -0.00000000     0.00000000  -0.00000000
  0.00000000  -0.00000000    -0.00070816   0.00122708    -0.09403450  -0.00853356
  0.00000000  -0.00000000    -0.03430255  -0.00736897     0.00403328  -0.00028940
    1    4
 -0.00087968  -0.00133795     0.00000000  -0.00000000     0.00000000  -0.00000000
  0.00000000  -0.00000000    -0.05429256   0.02137805    -0.00336410   0.00546824
  0.00000000  -0.00000000    -0.00804034   0.02642837    -0.05245479  -0.00207938
    1    5
 -0.00227277  -0.00738863     0.00000000  -0.00000000     0.00000000  -0.00000000
  0.00000000  -0.00000000    -0.00372924  -0.01170751    -0.01401031  -0.00601575
  0.00000000  -0.00000000    -0.00869367  -0.00477513    -0.00386681  -0.02307925
    2    1
 -0.00238031   0.00377335     0.00000000  -0.00000000     0.00000000  -0.00000000
  0.00000000  -0.00000000     0.00692047  -0.00752156     0.12471253   0.01850817
  0.00000000  -0.00000000     0.16765087  -0.00351290    -0.01193265  -0.00820256
    2    2
  0.16717879  -0.00000000     0.00000000  -0.00000000     0.00000000  -0.00000000
  0.00000000  -0.00000000     0.47445378  -0.00000000     0.01041439  -0.03265950
  0.00000000  -0.00000000     0.01041439   0.03265950     0.79894625  -0.00000000
    2    3
 -0.03700432   0.00103464     0.00000000  -0.00000000     0.00000000  -0.00000000
  0.00000000  -0.00000000    -0.02750358   0.02117495    -0.00860967   0.03627750
  0.00000000  -0.00000000    -0.00251765   0.01144092    -0.55286881  -0.01897068
    2    4
 -0.00009488  -0.00078083     0.00000000  -0.00000000     0.00000000  -0.00000000
  0.00000000  -0.00000000    -0.02040638   0.06850005     0.00058237   0.00785254
  0.00000000  -0.00000000     0.00319561   0.01574886    -0.00689783   0.04335158
    2    5
 -0.09553583  -0.00038365     0.00000000  -0.00000000     0.00000000  -0.00000000
  0.00000000  -0.00000000    -0.08510641  -0.00448678    -0.00229763  -0.00856860
  0.00000000  -0.00000000    -0.01051758  -0.02356852    -0.08202544  -0.00357085
    3    1
  0.00152936   0.00512293     0.00000000  -0.00000000     0.00000000  -0.00000000
  0.00000000  -0.00000000    -0.00070816  -0.00122708    -0.03430255   0.00736897
  0.00000000  -0.00000000    -0.09403450   0.00853356     0.00403328   0.00028940
    3    2
 -0.03700432  -0.00103464     0.00000000  -0.00000000     0.00000000  -0.00000000
  0.00000000  -0.00000000    -0.02750358  -0.02117495    -0.00251765  -0.01144092
  0.00000000  -0.00000000    -0.00860967  -0.03627750    -0.55286881   0.01897068
    3    3
  0.05547426  -0.00000000     0.00000000  -0.00000000     0.00000000  -0.00000000
  0.00000000  -0.00000000     0.06601673  -0.00000000     0.00345380   0.01052862
  0.00000000  -0.00000000     0.00345380  -0.01052862     0.57326475  -0.00000000
    3    4
 -0.00104656  -0.00485318     0.00000000  -0.00000000     0.00000000  -0.00000000
  0.00000000  -0.00000000     0.00353283   0.00164477     0.06143918  -0.00096814
  0.00000000  -0.00000000     0.13460312   0.02536093    -0.00434846  -0.00878731
    3    5
  0.01132158  -0.00719782     0.00000000  -0.00000000     0.00000000  -0.00000000
  0.00000000  -0.00000000    -0.01661432   0.01608394     0.00466472   0.00876132
  0.00000000  -0.00000000     0.00744666   0.01843588    -0.02439859  -0.00278344
    4    1
 -0.00087968   0.00133795     0.00000000  -0.00000000     0.00000000  -0.00000000
  0.00000000  -0.00000000    -0.05429256  -0.02137805    -0.00804034  -0.02642837
  0.00000000  -0.00000000    -0.00336410  -0.00546824    -0.05245479   0.00207938
    4    2
 -0.00009488   0.00078083     0.00000000  -0.00000000     0.00000000  -0.00000000
  0.00000000  -0.00000000    -0.02040638  -0.06850005     0.00319561  -0.01574886
  0.00000000  -0.00000000     0.00058237  -0.00785254    -0.00689783  -0.04335158
    4    3
 -0.00104656   0.00485318     0.00000000  -0.00000000     0.00000000  -0.00000000
  0.00000000  -0.00000000     0.00353283  -0.00164477     0.13460312  -0.02536093
  0.00000000  -0.00000000     0.06143918   0.00096814    -0.00434846   0.00878731
    4    4
  0.14254191  -0.00000000     0.00000000  -0.00000000     0.00000000  -0.00000000
  0.00000000  -0.00000000     0.42155992  -0.00000000     0.00450537   0.02078939
  0.00000000  -0.00000000     0.00450537  -0.02078939     0.12121750  -0.00000000
    4    5
 -0.00981569  -0.02998321     0.00000000  -0.00000000     0.00000000  -0.00000000
  0.00000000  -0.00000000    -0.01089619  -0.02080065    -0.03558684   0.01212489
  0.00000000  -0.00000000     0.00638666   0.00290213     0.00259405   0.01325304
    5    1
 -0.00227277   0.00738863     0.00000000  -0.00000000     0.00000000  -0.00000000
  0.00000000  -0.00000000    -0.00372924   0.01170751    -0.00869367   0.00477513
  0.00000000  -0.00000000    -0.01401031   0.00601575    -0.00386681   0.02307925
    5    2
 -0.09553583   0.00038365     0.00000000  -0.00000000     0.00000000  -0.00000000
  0.00000000  -0.00000000    -0.08510641   0.00448678    -0.01051758   0.02356852
  0.00000000  -0.00000000    -0.00229763   0.00856860    -0.08202544   0.00357085
    5    3
  0.01132158   0.00719782     0.00000000  -0.00000000     0.00000000  -0.00000000
  0.00000000  -0.00000000    -0.01661432  -0.01608394     0.00744666  -0.01843588
  0.00000000  -0.00000000     0.00466472  -0.00876132    -0.02439859   0.00278344
    5    4
 -0.00981569   0.02998321     0.00000000  -0.00000000     0.00000000  -0.00000000
  0.00000000  -0.00000000    -0.01089619   0.02080065     0.00638666  -0.00290213
  0.00000000  -0.00000000    -0.03558684  -0.01212489     0.00259405  -0.01325304
    5    5
  0.24710475  -0.00000000     0.00000000  -0.00000000     0.00000000  -0.00000000
  0.00000000  -0.00000000     0.15467631  -0.00000000     0.00292604  -0.00433542
  0.00000000  -0.00000000     0.00292604   0.00433542     0.11065333  -0.00000000

     Dynamical  Matrix in cartesian axes

     q = (    0.398192207   0.000000000   0.322447765 ) 

    1    1
  0.14868524   0.00000000     0.00000000   0.00000000     0.00208860  -0.00428655
  0.00000000   0.00000000     0.03019481   0.00000000     0.00000000   0.00000000
  0.00208860   0.00428655     0.00000000   0.00000000     0.14313013   0.00000000
    1    2
  0.00692047  -0.00752156     0.00000000   0.00000000     0.16765087  -0.00351290
  0.00000000   0.00000000    -0.00238031   0.00377335     0.00000000   0.00000000
  0.12471253   0.01850817     0.00000000   0.00000000    -0.01193265  -0.00820256
    1    3
 -0.00070816  -0.00122708     0.00000000   0.00000000    -0.09403450   0.00853356
  0.00000000   0.00000000     0.00152936   0.00512293     0.00000000   0.00000000
 -0.03430255   0.00736897     0.00000000   0.00000000     0.00403328   0.00028940
    1    4
 -0.00372924   0.01170751     0.00000000   0.00000000    -0.01401031   0.00601575
  0.00000000   0.00000000    -0.00227277   0.00738863     0.00000000   0.00000000
 -0.00869367   0.00477513     0.00000000   0.00000000    -0.00386681   0.02307925
    1    5
 -0.05429256  -0.02137805     0.00000000   0.00000000    -0.00336410  -0.00546824
  0.00000000   0.00000000    -0.00087968   0.00133795     0.00000000   0.00000000
 -0.00804034  -0.02642837     0.00000000   0.00000000    -0.05245479   0.00207938
    2    1
  0.00692047   0.00752156     0.00000000   0.00000000     0.12471253  -0.01850817
  0.00000000   0.00000000    -0.00238031  -0.00377335     0.00000000   0.00000000
  0.16765087   0.00351290     0.00000000   0.00000000    -0.01193265   0.00820256
    2    2
  0.47445378   0.00000000     0.00000000   0.00000000     0.01041439   0.03265950
  0.00000000   0.00000000     0.16717879   0.00000000     0.00000000   0.00000000
  0.01041439  -0.03265950     0.00000000   0.00000000     0.79894625   0.00000000
    2    3
 -0.02750358  -0.02117495     0.00000000   0.00000000    -0.00860967  -0.03627750
  0.00000000   0.00000000    -0.03700432  -0.00103464     0.00000000   0.00000000
 -0.00251765  -0.01144092     0.00000000   0.00000000    -0.55286881   0.01897068
    2    4
 -0.08510641   0.00448678     0.00000000   0.00000000    -0.00229763   0.00856860
  0.00000000   0.00000000    -0.09553583   0.00038365     0.00000000   0.00000000
 -0.01051758   0.02356852     0.00000000   0.00000000    -0.08202544   0.00357085
    2    5
 -0.02040638  -0.06850005     0.00000000   0.00000000     0.00058237  -0.00785254
  0.00000000   0.00000000    -0.00009488   0.00078083     0.00000000   0.00000000
  0.00319561  -0.01574886     0.00000000   0.00000000    -0.00689783  -0.04335158
    3    1
 -0.00070816   0.00122708     0.00000000   0.00000000    -0.03430255  -0.00736897
  0.00000000   0.00000000     0.00152936  -0.00512293     0.00000000   0.00000000
 -0.09403450  -0.00853356     0.00000000   0.00000000     0.00403328  -0.00028940
    3    2
 -0.02750358   0.02117495     0.00000000   0.00000000    -0.00251765   0.01144092
  0.00000000   0.00000000    -0.03700432   0.00103464     0.00000000   0.00000000
 -0.00860967   0.03627750     0.00000000   0.00000000    -0.55286881  -0.01897068
    3    3
  0.06601673   0.00000000     0.00000000   0.00000000     0.00345380  -0.01052862
  0.00000000   0.00000000     0.05547426   0.00000000     0.00000000   0.00000000
  0.00345380   0.01052862     0.00000000   0.00000000     0.57326475   0.00000000
    3    4
 -0.01661432  -0.01608394     0.00000000   0.00000000     0.00466472  -0.00876132
  0.00000000   0.00000000     0.01132158   0.00719782     0.00000000   0.00000000
  0.00744666  -0.01843588     0.00000000   0.00000000    -0.02439859   0.00278344
    3    5
  0.00353283  -0.00164477     0.00000000   0.00000000     0.06143918   0.00096814
  0.00000000   0.00000000    -0.00104656   0.00485318     0.00000000   0.00000000
  0.13460312  -0.02536093     0.00000000   0.00000000    -0.00434846   0.00878731
    4    1
 -0.00372924  -0.01170751     0.00000000   0.00000000    -0.00869367  -0.00477513
  0.00000000   0.00000000    -0.00227277  -0.00738863     0.00000000   0.00000000
 -0.01401031  -0.00601575     0.00000000   0.00000000    -0.00386681  -0.02307925
    4    2
 -0.08510641  -0.00448678     0.00000000   0.00000000    -0.01051758  -0.02356852
  0.00000000   0.00000000    -0.09553583  -0.00038365     0.00000000   0.00000000
 -0.00229763  -0.00856860     0.00000000   0.00000000    -0.08202544  -0.00357085
    4    3
 -0.01661432   0.01608394     0.00000000   0.00000000     0.00744666   0.01843588
  0.00000000   0.00000000     0.01132158  -0.00719782     0.00000000   0.00000000
  0.00466472   0.00876132     0.00000000   0.00000000    -0.02439859  -0.00278344
    4    4
  0.15467631   0.00000000     0.00000000   0.00000000     0.00292604   0.00433542
  0.00000000   0.00000000     0.24710475   0.00000000     0.00000000   0.00000000
  0.00292604  -0.00433542     0.00000000   0.00000000     0.11065333   0.00000000
    4    5
 -0.01089619  -0.02080065     0.00000000   0.00000000     0.00638666   0.00290213
  0.00000000   0.00000000    -0.00981569  -0.02998321     0.00000000   0.00000000
 -0.03558684   0.01212489     0.00000000   0.00000000     0.00259405   0.01325304
    5    1
 -0.05429256   0.02137805     0.00000000   0.00000000    -0.00804034   0.02642837
  0.00000000   0.00000000    -0.00087968  -0.00133795     0.00000000   0.00000000
 -0.00336410   0.00546824     0.00000000   0.00000000    -0.05245479  -0.00207938
    5    2
 -0.02040638   0.06850005     0.00000000   0.00000000     0.00319561   0.01574886
  0.00000000   0.00000000    -0.00009488  -0.00078083     0.00000000   0.00000000
  0.00058237   0.00785254     0.00000000   0.00000000    -0.00689783   0.04335158
    5    3
  0.00353283   0.00164477     0.00000000   0.00000000     0.13460312   0.02536093
  0.00000000   0.00000000    -0.00104656  -0.00485318     0.00000000   0.00000000
  0.06143918  -0.00096814     0.00000000   0.00000000    -0.00434846  -0.00878731
    5    4
 -0.01089619   0.02080065     0.00000000   0.00000000    -0.03558684  -0.01212489
  0.00000000   0.00000000    -0.00981569   0.02998321     0.00000000   0.00000000
  0.00638666  -0.00290213     0.00000000   0.00000000     0.00259405  -0.01325304
    5    5
  0.42155992   0.00000000     0.00000000   0.00000000     0.00450537  -0.02078939
  0.00000000   0.00000000     0.14254191   0.00000000     0.00000000   0.00000000
  0.00450537   0.02078939     0.00000000   0.00000000     0.12121750   0.00000000

     Dynamical  Matrix in cartesian axes

     q = (   -0.398192207  -0.000000000  -0.322447765 ) 

    1    1
  0.14868524  -0.00000000     0.00000000  -0.00000000     0.00208860   0.00428655
  0.00000000  -0.00000000     0.03019481  -0.00000000     0.00000000  -0.00000000
  0.00208860  -0.00428655     0.00000000  -0.00000000     0.14313013  -0.00000000
    1    2
  0.00692047   0.00752156     0.00000000  -0.00000000     0.16765087   0.00351290
  0.00000000  -0.00000000    -0.00238031  -0.00377335     0.00000000  -0.00000000
  0.12471253  -0.01850817     0.00000000  -0.00000000    -0.01193265   0.00820256
    1    3
 -0.00070816   0.00122708     0.00000000  -0.00000000    -0.09403450  -0.00853356
  0.00000000  -0.00000000     0.00152936  -0.00512293     0.00000000  -0.00000000
 -0.03430255  -0.00736897     0.00000000  -0.00000000     0.00403328  -0.00028940
    1    4
 -0.00372924  -0.01170751     0.00000000  -0.00000000    -0.01401031  -0.00601575
  0.00000000  -0.00000000    -0.00227277  -0.00738863     0.00000000  -0.00000000
 -0.00869367  -0.00477513     0.00000000  -0.00000000    -0.00386681  -0.02307925
    1    5
 -0.05429256   0.02137805     0.00000000  -0.00000000    -0.00336410   0.00546824
  0.00000000  -0.00000000    -0.00087968  -0.00133795     0.00000000  -0.00000000
 -0.00804034   0.02642837     0.00000000  -0.00000000    -0.05245479  -0.00207938
    2    1
  0.00692047  -0.00752156     0.00000000  -0.00000000     0.12471253   0.01850817
  0.00000000  -0.00000000    -0.00238031   0.00377335     0.00000000  -0.00000000
  0.16765087  -0.00351290     0.00000000  -0.00000000    -0.01193265  -0.00820256
    2    2
  0.47445378  -0.00000000     0.00000000  -0.00000000     0.01041439  -0.03265950
  0.00000000  -0.00000000     0.16717879  -0.00000000     0.00000000  -0.00000000
  0.01041439   0.03265950     0.00000000  -0.00000000     0.79894625  -0.00000000
    2    3
 -0.02750358   0.02117495     0.00000000  -0.00000000    -0.00860967   0.03627750
  0.00000000  -0.00000000    -0.03700432   0.00103464     0.00000000  -0.00000000
 -0.00251765   0.01144092     0.00000000  -0.00000000    -0.55286881  -0.01897068
    2    4
 -0.08510641  -0.00448678     0.00000000  -0.00000000    -0.00229763  -0.00856860
  0.00000000  -0.00000000    -0.09553583  -0.00038365     0.00000000  -0.00000000
 -0.01051758  -0.02356852     0.00000000  -0.00000000    -0.08202544  -0.00357085
    2    5
 -0.02040638   0.06850005     0.00000000  -0.00000000     0.00058237   0.00785254
  0.00000000  -0.00000000    -0.00009488  -0.00078083     0.00000000  -0.00000000
  0.00319561   0.01574886     0.00000000  -0.00000000    -0.00689783   0.04335158
    3    1
 -0.00070816  -0.00122708     0.00000000  -0.00000000    -0.03430255   0.00736897
  0.00000000  -0.00000000     0.00152936   0.00512293     0.00000000  -0.00000000
 -0.09403450   0.00853356     0.00000000  -0.00000000     0.00403328   0.00028940
    3    2
 -0.02750358  -0.02117495     0.00000000  -0.00000000    -0.00251765  -0.01144092
  0.00000000  -0.00000000    -0.03700432  -0.00103464     0.00000000  -0.00000000
 -0.00860967  -0.03627750     0.00000000  -0.00000000    -0.55286881   0.01897068
    3    3
  0.06601673  -0.00000000     0.00000000  -0.00000000     0.00345380   0.01052862
  0.00000000  -0.00000000     0.05547426  -0.00000000     0.00000000  -0.00000000
  0.00345380  -0.01052862     0.00000000  -0.00000000     0.57326475  -0.00000000
    3    4
 -0.01661432   0.01608394     0.00000000  -0.00000000     0.00466472   0.00876132
  0.00000000  -0.00000000     0.01132158  -0.00719782     0.00000000  -0.00000000
  0.00744666   0.01843588     0.00000000  -0.00000000    -0.02439859  -0.00278344
    3    5
  0.00353283   0.00164477     0.00000000  -0.00000000     0.06143918  -0.00096814
  0.00000000  -0.00000000    -0.00104656  -0.00485318     0.00000000  -0.00000000
  0.13460312   0.02536093     0.00000000  -0.00000000    -0.00434846  -0.00878731
    4    1
 -0.00372924   0.01170751     0.00000000  -0.00000000    -0.00869367   0.00477513
  0.00000000  -0.00000000    -0.00227277   0.00738863     0.00000000  -0.00000000
 -0.01401031   0.00601575     0.00000000  -0.00000000    -0.00386681   0.02307925
    4    2
 -0.08510641   0.00448678     0.00000000  -0.00000000    -0.01051758   0.02356852
  0.00000000  -0.00000000    -0.09553583   0.00038365     0.00000000  -0.00000000
 -0.00229763   0.00856860     0.00000000  -0.00000000    -0.08202544   0.00357085
    4    3
 -0.01661432  -0.01608394     0.00000000  -0.00000000     0.00744666  -0.01843588
  0.00000000  -0.00000000     0.01132158   0.00719782     0.00000000  -0.00000000
  0.00466472  -0.00876132     0.00000000  -0.00000000    -0.02439859   0.00278344
    4    4
  0.15467631  -0.00000000     0.00000000  -0.00000000     0.00292604  -0.00433542
  0.00000000  -0.00000000     0.24710475  -0.00000000     0.00000000  -0.00000000
  0.00292604   0.00433542     0.00000000  -0.00000000     0.11065333  -0.00000000
    4    5
 -0.01089619   0.02080065     0.00000000  -0.00000000     0.00638666  -0.00290213
  0.00000000  -0.00000000    -0.00981569   0.02998321     0.00000000  -0.00000000
 -0.03558684  -0.01212489     0.00000000  -0.00000000     0.00259405  -0.01325304
    5    1
 -0.05429256  -0.02137805     0.00000000  -0.00000000    -0.00804034  -0.02642837
  0.00000000  -0.00000000    -0.00087968   0.00133795     0.00000000  -0.00000000
 -0.00336410  -0.00546824     0.00000000  -0.00000000    -0.05245479   0.00207938
    5    2
 -0.02040638  -0.06850005     0.00000000  -0.00000000     0.00319561  -0.01574886
  0.00000000  -0.00000000    -0.00009488   0.00078083     0.00000000  -0.00000000
  0.00058237  -0.00785254     0.00000000  -0.00000000    -0.00689783  -0.04335158
    5    3
  0.00353283  -0.00164477     0.00000000  -0.00000000     0.13460312  -0.02536093
  0.00000000  -0.00000000    -0.00104656   0.00485318     0.00000000  -0.00000000
  0.06143918   0.00096814     0.00000000  -0.00000000    -0.00434846   0.00878731
    5    4
 -0.01089619  -0.02080065     0.00000000  -0.00000000    -0.03558684   0.01212489
  0.00000000  -0.00000000    -0.00981569  -0.02998321     0.00000000  -0.00000000
  0.00638666   0.00290213     0.00000000  -0.00000000     0.00259405   0.01325304
    5    5
  0.42155992  -0.00000000     0.00000000  -0.00000000     0.00450537   0.02078939
  0.00000000  -0.00000000     0.14254191  -0.00000000     0.00000000  -0.00000000
  0.00450537  -0.02078939     0.00000000  -0.00000000     0.12121750  -0.00000000

     Dynamical  Matrix in cartesian axes

     q = (   -0.398192207   0.000000000   0.322447765 ) 

    1    1
  0.14868524   0.00000000     0.00000000   0.00000000    -0.00208860   0.00428655
  0.00000000   0.00000000     0.03019481   0.00000000     0.00000000   0.00000000
 -0.00208860  -0.00428655     0.00000000   0.00000000     0.14313013   0.00000000
    1    2
 -0.00117772   0.01015282     0.00000000   0.00000000     0.13356757  -0.10138471
  0.00000000   0.00000000    -0.00029221  -0.00445181     0.00000000   0.00000000
  0.11177339  -0.05833076     0.00000000   0.00000000     0.01447506  -0.00037782
    1    3
  0.00129417   0.00057648     0.00000000   0.00000000    -0.07105960   0.06217589
  0.00000000   0.00000000    -0.00424846  -0.00324560     0.00000000   0.00000000
 -0.02341997   0.02612415     0.00000000   0.00000000    -0.00343309   0.00213657
    1    4
 -0.00386448  -0.01166356     0.00000000   0.00000000    -0.00779861   0.01310190
  0.00000000   0.00000000    -0.00250422  -0.00731343     0.00000000   0.00000000
 -0.00422657   0.00897317     0.00000000   0.00000000    -0.01043733  -0.02094436
    1    5
 -0.05429256  -0.02137805     0.00000000   0.00000000     0.00336410   0.00546824
  0.00000000   0.00000000    -0.00087968   0.00133795     0.00000000   0.00000000
  0.00804034   0.02642837     0.00000000   0.00000000    -0.05245479   0.00207938
    2    1
 -0.00117772  -0.01015282     0.00000000   0.00000000     0.11177339   0.05833076
  0.00000000   0.00000000    -0.00029221   0.00445181     0.00000000   0.00000000
  0.13356757   0.10138471     0.00000000   0.00000000     0.01447506   0.00037782
    2    2
  0.47445378   0.00000000     0.00000000   0.00000000    -0.01041439  -0.03265950
  0.00000000   0.00000000     0.16717879   0.00000000     0.00000000   0.00000000
 -0.01041439   0.03265950     0.00000000   0.00000000     0.79894625   0.00000000
    2    3
 -0.02750358  -0.02117495     0.00000000   0.00000000     0.00860967   0.03627750
  0.00000000   0.00000000    -0.03700432  -0.00103464     0.00000000   0.00000000
  0.00251765   0.01144092     0.00000000   0.00000000    -0.55286881   0.01897068
    2    4
 -0.08510641   0.00448678     0.00000000   0.00000000     0.00229763  -0.00856860
  0.00000000   0.00000000    -0.09553583   0.00038365     0.00000000   0.00000000
  0.01051758  -0.02356852     0.00000000   0.00000000    -0.08202544   0.00357085
    2    5
 -0.02375421   0.06741228     0.00000000   0.00000000     0.00508675  -0.00601052
  0.00000000   0.00000000     0.00053572  -0.00057594     0.00000000   0.00000000
  0.01184225  -0.01086276     0.00000000   0.00000000    -0.01990096   0.03912661
    3    1
  0.00129417  -0.00057648     0.00000000   0.00000000    -0.02341997  -0.02612415
  0.00000000   0.00000000    -0.00424846   0.00324560     0.00000000   0.00000000
 -0.07105960  -0.06217589     0.00000000   0.00000000    -0.00343309  -0.00213657
    3    2
 -0.02750358   0.02117495     0.00000000   0.00000000     0.00251765  -0.01144092
  0.00000000   0.00000000    -0.03700432   0.00103464     0.00000000   0.00000000
  0.00860967  -0.03627750     0.00000000   0.00000000    -0.55286881  -0.01897068
    3    3
  0.06601673   0.00000000     0.00000000   0.00000000    -0.00345380   0.01052862
  0.00000000   0.00000000     0.05547426   0.00000000     0.00000000   0.00000000
 -0.00345380  -0.01052862     0.00000000   0.00000000     0.57326475   0.00000000
    3    4
 -0.01661432  -0.01608394     0.00000000   0.00000000    -0.00466472   0.00876132
  0.00000000   0.00000000     0.01132158   0.00719782     0.00000000   0.00000000
 -0.00744666   0.01843588     0.00000000   0.00000000    -0.02439859   0.00278344
    3    5
 -0.00382489  -0.00074590     0.00000000   0.00000000     0.04913628   0.03689629
  0.00000000   0.00000000     0.00369931  -0.00331115     0.00000000   0.00000000
  0.12380299   0.05860030     0.00000000   0.00000000     0.00868303  -0.00455312
    4    1
 -0.00386448   0.01166356     0.00000000   0.00000000    -0.00422657  -0.00897317
  0.00000000   0.00000000    -0.00250422   0.00731343     0.00000000   0.00000000
 -0.00779861  -0.01310190     0.00000000   0.00000000    -0.01043733   0.02094436
    4    2
 -0.08510641  -0.00448678     0.00000000   0.00000000     0.01051758   0.02356852
  0.00000000   0.00000000    -0.09553583  -0.00038365     0.00000000   0.00000000
  0.00229763   0.00856860     0.00000000   0.00000000    -0.08202544  -0.00357085
    4    3
 -0.01661432   0.01608394     0.00000000   0.00000000    -0.00744666  -0.01843588
  0.00000000   0.00000000     0.01132158  -0.00719782     0.00000000   0.00000000
 -0.00466472  -0.00876132     0.00000000   0.00000000    -0.02439859  -0.00278344
    4    4
  0.15467631   0.00000000     0.00000000   0.00000000    -0.00292604  -0.00433542
  0.00000000   0.00000000     0.24710475   0.00000000     0.00000000   0.00000000
 -0.00292604   0.00433542     0.00000000   0.00000000     0.11065333   0.00000000
    4    5
 -0.00341112   0.02323270     0.00000000   0.00000000     0.00346109   0.00610186
  0.00000000   0.00000000    -0.00968263   0.03002645     0.00000000   0.00000000
 -0.03591719  -0.01110817     0.00000000   0.00000000     0.00569131  -0.01224668
    5    1
 -0.05429256   0.02137805     0.00000000   0.00000000     0.00804034  -0.02642837
  0.00000000   0.00000000    -0.00087968  -0.00133795     0.00000000   0.00000000
  0.00336410  -0.00546824     0.00000000   0.00000000    -0.05245479  -0.00207938
    5    2
 -0.02375421  -0.06741228     0.00000000   0.00000000     0.01184225   0.01086276
  0.00000000   0.00000000     0.00053572   0.00057594     0.00000000   0.00000000
  0.00508675   0.00601052     0.00000000   0.00000000    -0.01990096  -0.03912661
    5    3
 -0.00382489   0.00074590     0.00000000   0.00000000     0.12380299  -0.05860030
  0.00000000   0.00000000     0.00369931   0.00331115     0.00000000   0.00000000
  0.04913628  -0.03689629     0.00000000   0.00000000     0.00868303   0.00455312
    5    4
 -0.00341112  -0.02323270     0.00000000   0.00000000    -0.03591719   0.01110817
  0.00000000   0.00000000    -0.00968263  -0.03002645     0.00000000   0.00000000
  0.00346109  -0.00610186     0.00000000   0.00000000     0.00569131   0.01224668
    5    5
  0.42155992   0.00000000     0.00000000   0.00000000    -0.00450537   0.02078939
  0.00000000   0.00000000     0.14254191   0.00000000     0.00000000   0.00000000
 -0.00450537  -0.02078939     0.00000000   0.00000000     0.12121750   0.00000000

     Dynamical  Matrix in cartesian axes

     q = (    0.398192207  -0.000000000  -0.322447765 ) 

    1    1
  0.14868524  -0.00000000     0.00000000  -0.00000000    -0.00208860  -0.00428655
  0.00000000  -0.00000000     0.03019481  -0.00000000     0.00000000  -0.00000000
 -0.00208860   0.00428655     0.00000000  -0.00000000     0.14313013  -0.00000000
    1    2
 -0.00117772  -0.01015282     0.00000000  -0.00000000     0.13356757   0.10138471
  0.00000000  -0.00000000    -0.00029221   0.00445181     0.00000000  -0.00000000
  0.11177339   0.05833076     0.00000000  -0.00000000     0.01447506   0.00037782
    1    3
  0.00129417  -0.00057648     0.00000000  -0.00000000    -0.07105960  -0.06217589
  0.00000000  -0.00000000    -0.00424846   0.00324560     0.00000000  -0.00000000
 -0.02341997  -0.02612415     0.00000000  -0.00000000    -0.00343309  -0.00213657
    1    4
 -0.00386448   0.01166356     0.00000000  -0.00000000    -0.00779861  -0.01310190
  0.00000000  -0.00000000    -0.00250422   0.00731343     0.00000000  -0.00000000
 -0.00422657  -0.00897317     0.00000000  -0.00000000    -0.01043733   0.02094436
    1    5
 -0.05429256   0.02137805     0.00000000  -0.00000000     0.00336410  -0.00546824
  0.00000000  -0.00000000    -0.00087968  -0.00133795     0.00000000  -0.00000000
  0.00804034  -0.02642837     0.00000000  -0.00000000    -0.05245479  -0.00207938
    2    1
 -0.00117772   0.01015282     0.00000000  -0.00000000     0.11177339  -0.05833076
  0.00000000  -0.00000000    -0.00029221  -0.00445181     0.00000000  -0.00000000
  0.13356757  -0.10138471     0.00000000  -0.00000000     0.01447506  -0.00037782
    2    2
  0.47445378  -0.00000000     0.00000000  -0.00000000    -0.01041439   0.03265950
  0.00000000  -0.00000000     0.16717879  -0.00000000     0.00000000  -0.00000000
 -0.01041439  -0.03265950     0.00000000  -0.00000000     0.79894625  -0.00000000
    2    3
 -0.02750358   0.02117495     0.00000000  -0.00000000     0.00860967  -0.03627750
  0.00000000  -0.00000000    -0.03700432   0.00103464     0.00000000  -0.00000000
  0.00251765  -0.01144092     0.00000000  -0.00000000    -0.55286881  -0.01897068
    2    4
 -0.08510641  -0.00448678     0.00000000  -0.00000000     0.00229763   0.00856860
  0.00000000  -0.00000000    -0.09553583  -0.00038365     0.00000000  -0.00000000
  0.01051758   0.02356852     0.00000000  -0.00000000    -0.08202544  -0.00357085
    2    5
 -0.02375421  -0.06741228     0.00000000  -0.00000000     0.00508675   0.00601052
  0.00000000  -0.00000000     0.00053572   0.00057594     0.00000000  -0.00000000
  0.01184225   0.01086276     0.00000000  -0.00000000    -0.01990096  -0.03912661
    3    1
  0.00129417   0.00057648     0.00000000  -0.00000000    -0.02341997   0.02612415
  0.00000000  -0.00000000    -0.00424846  -0.00324560     0.00000000  -0.00000000
 -0.07105960   0.06217589     0.00000000  -0.00000000    -0.00343309   0.00213657
    3    2
 -0.02750358  -0.02117495     0.00000000  -0.00000000     0.00251765   0.01144092
  0.00000000  -0.00000000    -0.03700432  -0.00103464     0.00000000  -0.00000000
  0.00860967   0.03627750     0.00000000  -0.00000000    -0.55286881   0.01897068
    3    3
  0.06601673  -0.00000000     0.00000000  -0.00000000    -0.00345380  -0.01052862
  0.00000000  -0.00000000     0.05547426  -0.00000000     0.00000000  -0.00000000
 -0.00345380   0.01052862     0.00000000  -0.00000000     0.57326475  -0.00000000
    3    4
 -0.01661432   0.01608394     0.00000000  -0.00000000    -0.00466472  -0.00876132
  0.00000000  -0.00000000     0.01132158  -0.00719782     0.00000000  -0.00000000
 -0.00744666  -0.01843588     0.00000000  -0.00000000    -0.02439859  -0.00278344
    3    5
 -0.00382489   0.00074590     0.00000000  -0.00000000     0.04913628  -0.03689629
  0.00000000  -0.00000000     0.00369931   0.00331115     0.00000000  -0.00000000
  0.12380299  -0.05860030     0.00000000  -0.00000000     0.00868303   0.00455312
    4    1
 -0.00386448  -0.01166356     0.00000000  -0.00000000    -0.00422657   0.00897317
  0.00000000  -0.00000000    -0.00250422  -0.00731343     0.00000000  -0.00000000
 -0.00779861   0.01310190     0.00000000  -0.00000000    -0.01043733  -0.02094436
    4    2
 -0.08510641   0.00448678     0.00000000  -0.00000000     0.01051758  -0.02356852
  0.00000000  -0.00000000    -0.09553583   0.00038365     0.00000000  -0.00000000
  0.00229763  -0.00856860     0.00000000  -0.00000000    -0.08202544   0.00357085
    4    3
 -0.01661432  -0.01608394     0.00000000  -0.00000000    -0.00744666   0.01843588
  0.00000000  -0.00000000     0.01132158   0.00719782     0.00000000  -0.00000000
 -0.00466472   0.00876132     0.00000000  -0.00000000    -0.02439859   0.00278344
    4    4
  0.15467631  -0.00000000     0.00000000  -0.00000000    -0.00292604   0.00433542
  0.00000000  -0.00000000     0.24710475  -0.00000000     0.00000000  -0.00000000
 -0.00292604  -0.00433542     0.00000000  -0.00000000     0.11065333  -0.00000000
    4    5
 -0.00341112  -0.02323270     0.00000000  -0.00000000     0.00346109  -0.00610186
  0.00000000  -0.00000000    -0.00968263  -0.03002645     0.00000000  -0.00000000
 -0.03591719   0.01110817     0.00000000  -0.00000000     0.00569131   0.01224668
    5    1
 -0.05429256  -0.02137805     0.00000000  -0.00000000     0.00804034   0.02642837
  0.00000000  -0.00000000    -0.00087968   0.00133795     0.00000000  -0.00000000
  0.00336410   0.00546824     0.00000000  -0.00000000    -0.05245479   0.00207938
    5    2
 -0.02375421   0.06741228     0.00000000  -0.00000000     0.01184225  -0.01086276
  0.00000000  -0.00000000     0.00053572  -0.00057594     0.00000000  -0.00000000
  0.00508675  -0.00601052     0.00000000  -0.00000000    -0.01990096   0.03912661
    5    3
 -0.00382489  -0.00074590     0.00000000  -0.00000000     0.12380299   0.05860030
  0.00000000  -0.00000000     0.00369931  -0.00331115     0.00000000  -0.00000000
  0.04913628   0.03689629     0.00000000  -0.00000000     0.00868303  -0.00455312
    5    4
 -0.00341112   0.02323270     0.00000000  -0.00000000    -0.03591719  -0.01110817
  0.00000000  -0.00000000    -0.00968263   0.03002645     0.00000000  -0.00000000
  0.00346109   0.00610186     0.00000000  -0.00000000     0.00569131  -0.01224668
    5    5
  0.42155992  -0.00000000     0.00000000  -0.00000000    -0.00450537  -0.02078939
  0.00000000  -0.00000000     0.14254191  -0.00000000     0.00000000  -0.00000000
 -0.00450537   0.02078939     0.00000000  -0.00000000     0.12121750  -0.00000000

     Dynamical  Matrix in cartesian axes

     q = (    0.000000000  -0.398192207   0.322447765 ) 

    1    1
  0.03019481   0.00000000     0.00000000   0.00000000     0.00000000   0.00000000
  0.00000000   0.00000000     0.14868524   0.00000000    -0.00208860   0.00428655
  0.00000000   0.00000000    -0.00208860  -0.00428655     0.14313013   0.00000000
    1    2
 -0.00029221  -0.00445181     0.00000000   0.00000000     0.00000000   0.00000000
  0.00000000   0.00000000    -0.00117772   0.01015282     0.13356757  -0.10138471
  0.00000000   0.00000000     0.11177339  -0.05833076     0.01447506  -0.00037782
    1    3
 -0.00424846  -0.00324560     0.00000000   0.00000000     0.00000000   0.00000000
  0.00000000   0.00000000     0.00129417   0.00057648    -0.07105960   0.06217589
  0.00000000   0.00000000    -0.02341997   0.02612415    -0.00343309   0.00213657
    1    4
 -0.00087968   0.00133795     0.00000000   0.00000000     0.00000000   0.00000000
  0.00000000   0.00000000    -0.05429256  -0.02137805     0.00336410   0.00546824
  0.00000000   0.00000000     0.00804034   0.02642837    -0.05245479   0.00207938
    1    5
 -0.00250422  -0.00731343     0.00000000   0.00000000     0.00000000   0.00000000
  0.00000000   0.00000000    -0.00386448  -0.01166356    -0.00779861   0.01310190
  0.00000000   0.00000000    -0.00422657   0.00897317    -0.01043733  -0.02094436
    2    1
 -0.00029221   0.00445181     0.00000000   0.00000000     0.00000000   0.00000000
  0.00000000   0.00000000    -0.00117772  -0.01015282     0.11177339   0.05833076
  0.00000000   0.00000000     0.13356757   0.10138471     0.01447506   0.00037782
    2    2
  0.16717879   0.00000000     0.00000000   0.00000000     0.00000000   0.00000000
  0.00000000   0.00000000     0.47445378   0.00000000    -0.01041439  -0.03265950
  0.00000000   0.00000000    -0.01041439   0.03265950     0.79894625   0.00000000
    2    3
 -0.03700432  -0.00103464     0.00000000   0.00000000     0.00000000   0.00000000
  0.00000000   0.00000000    -0.02750358  -0.02117495     0.00860967   0.03627750
  0.00000000   0.00000000     0.00251765   0.01144092    -0.55286881   0.01897068
    2    4
  0.00053572  -0.00057594     0.00000000   0.00000000     0.00000000   0.00000000
  0.00000000   0.00000000    -0.02375421   0.06741228     0.00508675  -0.00601052
  0.00000000   0.00000000     0.01184225  -0.01086276    -0.01990096   0.03912661
    2    5
 -0.09553583   0.00038365     0.00000000   0.00000000     0.00000000   0.00000000
  0.00000000   0.00000000    -0.08510641   0.00448678     0.00229763  -0.00856860
  0.00000000   0.00000000     0.01051758  -0.02356852    -0.08202544   0.00357085
    3    1
 -0.00424846   0.00324560     0.00000000   0.00000000     0.00000000   0.00000000
  0.00000000   0.00000000     0.00129417  -0.00057648    -0.02341997  -0.02612415
  0.00000000   0.00000000    -0.07105960  -0.06217589    -0.00343309  -0.00213657
    3    2
 -0.03700432   0.00103464     0.00000000   0.00000000     0.00000000   0.00000000
  0.00000000   0.00000000    -0.02750358   0.02117495     0.00251765  -0.01144092
  0.00000000   0.00000000     0.00860967  -0.03627750    -0.55286881  -0.01897068
    3    3
  0.05547426   0.00000000     0.00000000   0.00000000     0.00000000   0.00000000
  0.00000000   0.00000000     0.06601673   0.00000000    -0.00345380   0.01052862
  0.00000000   0.00000000    -0.00345380  -0.01052862     0.57326475   0.00000000
    3    4
  0.00369931  -0.00331115     0.00000000   0.00000000     0.00000000   0.00000000
  0.00000000   0.00000000    -0.00382489  -0.00074590     0.04913628   0.03689629
  0.00000000   0.00000000     0.12380299   0.05860030     0.00868303  -0.00455312
    3    5
  0.01132158   0.00719782     0.00000000   0.00000000     0.00000000   0.00000000
  0.00000000   0.00000000    -0.01661432  -0.01608394    -0.00466472   0.00876132
  0.00000000   0.00000000    -0.00744666   0.01843588    -0.02439859   0.00278344
    4    1
 -0.00087968  -0.00133795     0.00000000   0.00000000     0.00000000   0.00000000
  0.00000000   0.00000000    -0.05429256   0.02137805     0.00804034  -0.02642837
  0.00000000   0.00000000     0.00336410  -0.00546824    -0.05245479  -0.00207938
    4    2
  0.00053572   0.00057594     0.00000000   0.00000000     0.00000000   0.00000000
  0.00000000   0.00000000    -0.02375421  -0.06741228     0.01184225   0.01086276
  0.00000000   0.00000000     0.00508675   0.00601052    -0.01990096  -0.03912661
    4    3
  0.00369931   0.00331115     0.00000000   0.00000000     0.00000000   0.00000000
  0.00000000   0.00000000    -0.00382489   0.00074590     0.12380299  -0.05860030
  0.00000000   0.00000000     0.04913628  -0.03689629     0.00868303   0.00455312
    4    4
  0.14254191   0.00000000     0.00000000   0.00000000     0.00000000   0.00000000
  0.00000000   0.00000000     0.42155992   0.00000000    -0.00450537   0.02078939
  0.00000000   0.00000000    -0.00450537  -0.02078939     0.12121750   0.00000000
    4    5
 -0.00968263  -0.03002645     0.00000000   0.00000000     0.00000000   0.00000000
  0.00000000   0.00000000    -0.00341112  -0.02323270    -0.03591719   0.01110817
  0.00000000   0.00000000     0.00346109  -0.00610186     0.00569131   0.01224668
    5    1
 -0.00250422   0.00731343     0.00000000   0.00000000     0.00000000   0.00000000
  0.00000000   0.00000000    -0.00386448   0.01166356    -0.00422657  -0.00897317
  0.00000000   0.00000000    -0.00779861  -0.01310190    -0.01043733   0.02094436
    5    2
 -0.09553583  -0.00038365     0.00000000   0.00000000     0.00000000   0.00000000
  0.00000000   0.00000000    -0.08510641  -0.00448678     0.01051758   0.02356852
  0.00000000   0.00000000     0.00229763   0.00856860    -0.08202544  -0.00357085
    5    3
  0.01132158  -0.00719782     0.00000000   0.00000000     0.00000000   0.00000000
  0.00000000   0.00000000    -0.01661432   0.01608394    -0.00744666  -0.01843588
  0.00000000   0.00000000    -0.00466472  -0.00876132    -0.02439859  -0.00278344
    5    4
 -0.00968263   0.03002645     0.00000000   0.00000000     0.00000000   0.00000000
  0.00000000   0.00000000    -0.00341112   0.02323270     0.00346109   0.00610186
  0.00000000   0.00000000    -0.03591719  -0.01110817     0.00569131  -0.01224668
    5    5
  0.24710475   0.00000000     0.00000000   0.00000000     0.00000000   0.00000000
  0.00000000   0.00000000     0.15467631   0.00000000    -0.00292604  -0.00433542
  0.00000000   0.00000000    -0.00292604   0.00433542     0.11065333   0.00000000

     Dynamical  Matrix in cartesian axes

     q = (   -0.000000000   0.398192207  -0.322447765 ) 

    1    1
  0.03019481  -0.00000000     0.00000000  -0.00000000     0.00000000  -0.00000000
  0.00000000  -0.00000000     0.14868524  -0.00000000    -0.00208860  -0.00428655
  0.00000000  -0.00000000    -0.00208860   0.00428655     0.14313013  -0.00000000
    1    2
 -0.00029221   0.00445181     0.00000000  -0.00000000     0.00000000  -0.00000000
  0.00000000  -0.00000000    -0.00117772  -0.01015282     0.13356757   0.10138471
  0.00000000  -0.00000000     0.11177339   0.05833076     0.01447506   0.00037782
    1    3
 -0.00424846   0.00324560     0.00000000  -0.00000000     0.00000000  -0.00000000
  0.00000000  -0.00000000     0.00129417  -0.00057648    -0.07105960  -0.06217589
  0.00000000  -0.00000000    -0.02341997  -0.02612415    -0.00343309  -0.00213657
    1    4
 -0.00087968  -0.00133795     0.00000000  -0.00000000     0.00000000  -0.00000000
  0.00000000  -0.00000000    -0.05429256   0.02137805     0.00336410  -0.00546824
  0.00000000  -0.00000000     0.00804034  -0.02642837    -0.05245479  -0.00207938
    1    5
 -0.00250422   0.00731343     0.00000000  -0.00000000     0.00000000  -0.00000000
  0.00000000  -0.00000000    -0.00386448   0.01166356    -0.00779861  -0.01310190
  0.00000000  -0.00000000    -0.00422657  -0.00897317    -0.01043733   0.02094436
    2    1
 -0.00029221  -0.00445181     0.00000000  -0.00000000     0.00000000  -0.00000000
  0.00000000  -0.00000000    -0.00117772   0.01015282     0.11177339  -0.05833076
  0.00000000  -0.00000000     0.13356757  -0.10138471     0.01447506  -0.00037782
    2    2
  0.16717879  -0.00000000     0.00000000  -0.00000000     0.00000000  -0.00000000
  0.00000000  -0.00000000     0.47445378  -0.00000000    -0.01041439   0.03265950
  0.00000000  -0.00000000    -0.01041439  -0.03265950     0.79894625  -0.00000000
    2    3
 -0.03700432   0.00103464     0.00000000  -0.00000000     0.00000000  -0.00000000
  0.00000000  -0.00000000    -0.02750358   0.02117495     0.00860967  -0.03627750
  0.00000000  -0.00000000     0.00251765  -0.01144092    -0.55286881  -0.01897068
    2    4
  0.00053572   0.00057594     0.00000000  -0.00000000     0.00000000  -0.00000000
  0.00000000  -0.00000000    -0.02375421  -0.06741228     0.00508675   0.00601052
  0.00000000  -0.00000000     0.01184225   0.01086276    -0.01990096  -0.03912661
    2    5
 -0.09553583  -0.00038365     0.00000000  -0.00000000     0.00000000  -0.00000000
  0.00000000  -0.00000000    -0.08510641  -0.00448678     0.00229763   0.00856860
  0.00000000  -0.00000000     0.01051758   0.02356852    -0.08202544  -0.00357085
    3    1
 -0.00424846  -0.00324560     0.00000000  -0.00000000     0.00000000  -0.00000000
  0.00000000  -0.00000000     0.00129417   0.00057648    -0.02341997   0.02612415
  0.00000000  -0.00000000    -0.07105960   0.06217589    -0.00343309   0.00213657
    3    2
 -0.03700432  -0.00103464     0.00000000  -0.00000000     0.00000000  -0.00000000
  0.00000000  -0.00000000    -0.02750358  -0.02117495     0.00251765   0.01144092
  0.00000000  -0.00000000     0.00860967   0.03627750    -0.55286881   0.01897068
    3    3
  0.05547426  -0.00000000     0.00000000  -0.00000000     0.00000000  -0.00000000
  0.00000000  -0.00000000     0.06601673  -0.00000000    -0.00345380  -0.01052862
  0.00000000  -0.00000000    -0.00345380   0.01052862     0.57326475  -0.00000000
    3    4
  0.00369931   0.00331115     0.00000000  -0.00000000     0.00000000  -0.00000000
  0.00000000  -0.00000000    -0.00382489   0.00074590     0.04913628  -0.03689629
  0.00000000  -0.00000000     0.12380299  -0.05860030     0.00868303   0.00455312
    3    5
  0.01132158  -0.00719782     0.00000000  -0.00000000     0.00000000  -0.00000000
  0.00000000  -0.00000000    -0.01661432   0.01608394    -0.00466472  -0.00876132
  0.00000000  -0.00000000    -0.00744666  -0.01843588    -0.02439859  -0.00278344
    4    1
 -0.00087968   0.00133795     0.00000000  -0.00000000     0.00000000  -0.00000000
  0.00000000  -0.00000000    -0.05429256  -0.02137805     0.00804034   0.02642837
  0.00000000  -0.00000000     0.00336410   0.00546824    -0.05245479   0.00207938
    4    2
  0.00053572  -0.00057594     0.00000000  -0.00000000     0.00000000  -0.00000000
  0.00000000  -0.00000000    -0.02375421   0.06741228     0.01184225  -0.01086276
  0.00000000  -0.00000000     0.00508675  -0.00601052    -0.01990096   0.03912661
    4    3
  0.00369931  -0.00331115     0.00000000  -0.00000000     0.00000000  -0.00000000
  0.00000000  -0.00000000    -0.00382489  -0.00074590     0.12380299   0.05860030
  0.00000000  -0.00000000     0.04913628   0.03689629     0.00868303  -0.00455312
    4    4
  0.14254191  -0.00000000     0.00000000  -0.00000000     0.00000000  -0.00000000
  0.00000000  -0.00000000     0.42155992  -0.00000000    -0.00450537  -0.02078939
  0.00000000  -0.00000000    -0.00450537   0.02078939     0.12121750  -0.00000000
    4    5
 -0.00968263   0.03002645     0.00000000  -0.00000000     0.00000000  -0.00000000
  0.00000000  -0.00000000    -0.00341112   0.02323270    -0.03591719  -0.01110817
  0.00000000  -0.00000000     0.00346109   0.00610186     0.00569131  -0.01224668
    5    1
 -0.00250422  -0.00731343     0.00000000  -0.00000000     0.00000000  -0.00000000
  0.00000000  -0.00000000    -0.00386448  -0.01166356    -0.00422657   0.00897317
  0.00000000  -0.00000000    -0.00779861   0.01310190    -0.01043733  -0.02094436
    5    2
 -0.09553583   0.00038365     0.00000000  -0.00000000     0.00000000  -0.00000000
  0.00000000  -0.00000000    -0.08510641   0.00448678     0.01051758  -0.02356852
  0.00000000  -0.00000000     0.00229763  -0.00856860    -0.08202544   0.00357085
    5    3
  0.01132158   0.00719782     0.00000000  -0.00000000     0.00000000  -0.00000000
  0.00000000  -0.00000000    -0.01661432  -0.01608394    -0.00744666   0.01843588
  0.00000000  -0.00000000    -0.00466472   0.00876132    -0.02439859   0.00278344
    5    4
 -0.00968263  -0.03002645     0.00000000  -0.00000000     0.00000000  -0.00000000
  0.00000000  -0.00000000    -0.00341112  -0.02323270     0.00346109  -0.00610186
  0.00000000  -0.00000000    -0.03591719   0.01110817     0.00569131   0.01224668
    5    5
  0.24710475  -0.00000000     0.00000000  -0.00000000     0.00000000  -0.00000000
  0.00000000  -0.00000000     0.15467631  -0.00000000    -0.00292604   0.00433542
  0.00000000  -0.00000000    -0.00292604  -0.00433542     0.11065333  -0.00000000

     Diagonalizing the dynamical matrix

     q = (    0.000000000   0.398192207   0.322447765 ) 

 **************************************************************************
     freq (    1) =       1.686482 [THz] =      56.254987 [cm-1]
 ( -0.754212 -0.627445  0.000000 -0.000000 -0.000000 -0.000000 ) 
 (  0.047404 -0.088807  0.000000  0.000000 -0.000000  0.000000 ) 
 (  0.100058 -0.112901  0.000000 -0.000000 -0.000000  0.000000 ) 
 ( -0.003477 -0.019250  0.000000 -0.000000 -0.000000  0.000000 ) 
 (  0.031683 -0.056560  0.000000  0.000000 -0.000000  0.000000 ) 
     freq (    2) =       2.243215 [THz] =      74.825585 [cm-1]
 ( -0.000000  0.000000 -0.214792 -0.007465  0.319508 -0.250551 ) 
 (  0.000000  0.000000 -0.100963  0.120506  0.325364 -0.040067 ) 
 (  0.000000  0.000000 -0.066148  0.472664  0.320869 -0.040574 ) 
 ( -0.000000  0.000000 -0.081152  0.012761  0.200919 -0.405171 ) 
 ( -0.000000  0.000000 -0.018107  0.109793  0.317353  0.000000 ) 
     freq (    3) =       2.714214 [THz] =      90.536442 [cm-1]
 ( -0.000000  0.000000  0.469317  0.328697  0.364246 -0.027228 ) 
 (  0.000000  0.000000 -0.131962  0.102367 -0.338813 -0.101471 ) 
 (  0.000000  0.000000 -0.055240  0.313648 -0.312207 -0.057747 ) 
 ( -0.000000  0.000000  0.188937  0.083141  0.181089 -0.161320 ) 
 (  0.000000 -0.000000 -0.047907  0.178656 -0.217774  0.000000 ) 
     freq (    4) =       3.740548 [THz] =     124.771247 [cm-1]
 (  0.000000 -0.000000  0.099678  0.030107 -0.202638 -0.031569 ) 
 ( -0.000000 -0.000000 -0.027356  0.020628  0.096013  0.020705 ) 
 ( -0.000000  0.000000 -0.751926  0.312328  0.124558  0.022572 ) 
 ( -0.000000  0.000000  0.004659  0.034694  0.376509 -0.239516 ) 
 ( -0.000000 -0.000000 -0.115526  0.141471  0.153621  0.000000 ) 
     freq (    5) =       4.605335 [THz] =     153.617456 [cm-1]
 (  0.002876 -0.042258 -0.000000  0.000000  0.000000 -0.000000 ) 
 ( -0.612421  0.002306 -0.000000  0.000000 -0.000000  0.000000 ) 
 ( -0.741550  0.116433  0.000000  0.000000 -0.000000  0.000000 ) 
 ( -0.041511  0.024273  0.000000  0.000000 -0.000000 -0.000000 ) 
 ( -0.236893 -0.035472  0.000000  0.000000 -0.000000  0.000000 ) 
     freq (    6) =       4.921936 [THz] =     164.178110 [cm-1]
 (  0.000000 -0.000000  0.221580  0.046392  0.011536  0.063269 ) 
 ( -0.000000 -0.000000  0.026971 -0.092800  0.399877 -0.065720 ) 
 ( -0.000000  0.000000  0.246118 -0.252952  0.501767 -0.038479 ) 
 ( -0.000000 -0.000000 -0.127660 -0.047612 -0.149943  0.175277 ) 
 ( -0.000000 -0.000000  0.029461 -0.155814  0.544363  0.000000 ) 
     freq (    7) =       6.949275 [THz] =     231.802866 [cm-1]
 (  0.001783 -0.006587  0.000000 -0.000000  0.000000  0.000000 ) 
 (  0.011286  0.333751 -0.000000  0.000000 -0.000000 -0.000000 ) 
 ( -0.199980 -0.872219 -0.000000  0.000000 -0.000000 -0.000000 ) 
 (  0.151799 -0.017278 -0.000000  0.000000 -0.000000 -0.000000 ) 
 (  0.063465  0.245579 -0.000000  0.000000 -0.000000  0.000000 ) 
     freq (    8) =       8.951092 [THz] =     298.576287 [cm-1]
 (  0.000000 -0.000000  0.020208  0.006916  0.015565 -0.046039 ) 
 (  0.000000  0.000000  0.029367 -0.401230  0.013116 -0.015545 ) 
 ( -0.000000 -0.000000 -0.039291  0.095876  0.045872 -0.001109 ) 
 ( -0.000000 -0.000000 -0.167025 -0.073001  0.104596 -0.362911 ) 
 ( -0.000000 -0.000000  0.100865 -0.711344 -0.360589  0.000000 ) 
     freq (    9) =       9.588502 [THz] =     319.838004 [cm-1]
 (  0.000000  0.000000 -0.033629  0.000710  0.007531 -0.027464 ) 
 ( -0.000000  0.000000 -0.005923 -0.146842 -0.214304  0.015079 ) 
 ( -0.000000  0.000000 -0.087356  0.257760 -0.265738  0.015830 ) 
 (  0.000000 -0.000000  0.147652  0.022520 -0.089732  0.220771 ) 
 (  0.000000 -0.000000  0.085310 -0.285076  0.785953  0.000000 ) 
     freq (   10) =      10.085988 [THz] =     336.432336 [cm-1]
 (  0.000085  0.003078  0.000000 -0.000000  0.000000 -0.000000 ) 
 ( -0.084952 -0.023884 -0.000000  0.000000  0.000000 -0.000000 ) 
 (  0.104556  0.071049 -0.000000  0.000000  0.000000 -0.000000 ) 
 (  0.490582 -0.837143 -0.000000  0.000000 -0.000000  0.000000 ) 
 (  0.182573  0.037563 -0.000000 -0.000000 -0.000000  0.000000 ) 
     freq (   11) =      10.980636 [THz] =     366.274602 [cm-1]
 ( -0.000000  0.000000  0.011236  0.003092 -0.002364 -0.053442 ) 
 ( -0.000000  0.000000 -0.123728 -0.004741  0.056885 -0.020649 ) 
 (  0.000000 -0.000000 -0.187960  0.427474  0.141633  0.027816 ) 
 ( -0.000000  0.000000 -0.170648 -0.072636 -0.237040  0.700082 ) 
 (  0.000000 -0.000000  0.238418 -0.048882 -0.314930  0.000000 ) 
     freq (   12) =      12.539886 [THz] =     418.285578 [cm-1]
 ( -0.000000 -0.000000 -0.003956  0.000855 -0.051032  0.007408 ) 
 (  0.000000 -0.000000 -0.471769 -0.026694  0.008212 -0.002033 ) 
 ( -0.000000  0.000000  0.097033 -0.246105 -0.060914  0.044720 ) 
 ( -0.000000 -0.000000  0.065610  0.091874  0.142307 -0.212462 ) 
 ( -0.000000  0.000000  0.776395  0.110191  0.072208  0.000000 ) 
     freq (   13) =      14.170176 [THz] =     472.666197 [cm-1]
 (  0.001023 -0.003371  0.000000  0.000000  0.000000 -0.000000 ) 
 (  0.146804 -0.000265 -0.000000  0.000000  0.000000 -0.000000 ) 
 ( -0.071418 -0.028134 -0.000000  0.000000  0.000000  0.000000 ) 
 (  0.070382 -0.223154 -0.000000 -0.000000 -0.000000  0.000000 ) 
 ( -0.957958  0.010447  0.000000 -0.000000 -0.000000  0.000000 ) 
     freq (   14) =      17.711139 [THz] =     590.779995 [cm-1]
 (  0.000000 -0.000000 -0.002580  0.010820 -0.000751  0.015746 ) 
 (  0.000000  0.000000 -0.011053  0.066582 -0.203631 -0.014710 ) 
 ( -0.000000 -0.000000 -0.000787 -0.045635  0.118929  0.046109 ) 
 ( -0.000000 -0.000000 -0.889996 -0.302002  0.014931 -0.117156 ) 
 ( -0.000000 -0.000000  0.031277  0.090709  0.169070  0.000000 ) 
     freq (   15) =      24.600238 [THz] =     820.575597 [cm-1]
 (  0.000000 -0.000000  0.025749  0.001273 -0.000970  0.001477 ) 
 (  0.000000 -0.000000  0.006557  0.034682  0.305112  0.009194 ) 
 ( -0.000000 -0.000000 -0.009157  0.018901 -0.895135 -0.048751 ) 
 (  0.000000 -0.000000 -0.308800 -0.061224 -0.000206  0.022381 ) 
 ( -0.000000  0.000000 -0.011083 -0.031225  0.010977  0.000000 ) 
 **************************************************************************
